0.562136
0.267651
1.070063
-0.128578
-0.466925
-0.067527
-0.415509
0.163243
0.073190
-0.456998
1.105691
0.604861
0.190886
-0.805823
0.784723
-0.274983
-0.409584
0.953851
0.693260
-0.445736
-1.551529
-0.289445
-0.104517
0.227291
-1.079218
1.147943
0.699490
-0.217662
1.089728
-0.514169
-0.474449
0.037557
-0.367934
-0.024348
1.074753
0.011674
0.335202
1.347610
0.786065
-0.329309
0.304361
-1.704416
-0.268312
-2.114037
0.023362
0.267651
0.250360
0.602750
-0.072355
-0.263969
-0.037909
-0.233955
0.092090
0.041188
-0.257605
0.622812
0.340737
0.107539
-0.453884
0.442044
-0.155626
-0.231652
0.537290
0.390516
-0.251174
-0.859720
-0.163111
-0.058771
0.128134
-0.612256
0.646608
0.394068
-0.122556
0.613820
-0.289505
-0.262795
0.021077
-0.206452
-0.013762
0.605380
0.006511
0.188839
0.759029
0.442809
-0.186172
0.171471
-0.965278
-0.150981
-1.184609
0.013260
1.070063
0.602750
2.476462
-0.289808
-1.052268
-0.152250
-0.936053
0.367589
0.164587
-1.029536
2.490955
1.362400
0.429765
-1.815137
1.767657
-0.617984
-0.922821
2.148809
1.561560
-1.004220
-3.480042
-0.652097
-0.235666
0.511820
-2.426724
2.586246
1.575544
-0.490415
2.455013
-1.158151
-1.070558
0.084322
-0.827623
-0.055068
2.421256
0.026040
0.754842
3.036232
1.770749
-0.742091
0.685311
-3.841945
-0.604392
-4.762249
0.052426
-0.128578
-0.072355
-0.289808
0.148680
0.126433
0.018505
0.112762
-0.044033
-0.019599
0.124017
-0.299458
-0.163747
-0.051530
0.218550
-0.212487
0.072577
0.110967
-0.258321
-0.187693
0.120967
0.422523
0.078685
0.028464
-0.061415
0.293965
-0.310926
-0.189381
0.059191
-0.295140
0.139556
0.126276
-0.009945
0.100268
0.006821
-0.291079
-0.002931
-0.090642
-0.365027
-0.212854
0.089215
-0.082251
0.459265
0.072966
0.558440
-0.006122
-0.466925
-0.263969
-1.052268
0.126433
0.663919
0.065763
0.408154
-0.161411
-0.070415
0.452367
-1.087252
-0.594664
-0.187027
0.793279
-0.771623
0.270166
0.415214
-0.937923
-0.681486
0.440830
1.328933
0.286399
0.102286
-0.223946
1.074685
-1.128873
-0.688001
0.214293
-1.071569
0.505045
0.401202
-0.034810
0.349804
0.025550
-1.056732
-0.009609
-0.329100
-1.324778
-0.773136
0.333531
-0.298718
1.750573
0.262883
1.928026
-0.023385
-0.067527
-0.037909
-0.152250
0.018505
0.065763
0.122803
0.059356
-0.022993
-0.010285
0.065101
-0.157327
-0.086012
-0.027030
0.114902
-0.111623
0.037231
0.057681
-0.135713
-0.098600
0.063535
0.235511
0.041405
0.015017
-0.032174
0.154505
-0.163354
-0.099466
0.031209
-0.155059
0.073505
0.068066
-0.005236
0.053784
0.003605
-0.152929
-0.001538
-0.047583
-0.191796
-0.111803
0.046419
-0.043174
0.237193
0.038563
0.288814
-0.003111
-0.415509
-0.233955
-0.936053
0.112762
0.408154
0.059356
0.490871
-0.142567
-0.063837
0.399968
-0.967218
-0.529033
-0.166819
0.705563
-0.686397
0.238221
0.357868
-0.834381
-0.606371
0.390225
1.369156
0.253454
0.091670
-0.198651
0.938915
-1.004210
-0.611797
0.190688
-0.953263
0.450287
0.416800
-0.032685
0.322411
0.021491
-0.940162
-0.010036
-0.293083
-1.178919
-0.687571
0.287770
-0.266076
1.487186
0.235135
1.832087
-0.020179
0.163243
0.092090
0.367589
-0.044033
-0.161411
-0.022993
-0.142567
0.160966
0.025159
-0.157076
0.379819
0.207803
0.065632
-0.276688
0.269577
-0.095683
-0.141606
0.327662
0.238158
-0.153147
-0.512002
-0.099353
-0.035804
0.078207
-0.371361
0.394328
0.240323
-0.074619
0.374334
-0.176363
-0.160508
0.012887
-0.124881
-0.008333
0.369184
0.004011
0.115196
0.462886
0.270059
-0.113743
0.104614
-0.591771
-0.091847
-0.731584
0.008181
0.073190
0.041188
0.164587
-0.019599
-0.070415
-0.010285
-0.063837
0.025159
0.112532
-0.069701
0.170069
0.093100
0.029587
-0.123835
0.120732
-0.043673
-0.061495
0.146730
0.106707
-0.068160
-0.259931
-0.044009
-0.016051
0.035031
-0.154674
0.176542
0.107598
-0.033237
0.167610
-0.078981
-0.084840
0.006231
-0.056695
-0.003350
0.165325
0.002227
0.051738
0.207287
0.120918
-0.049566
0.047044
-0.257340
-0.041135
-0.349120
0.003715
-0.456998
-0.257605
-1.029536
0.124017
0.452367
0.065101
0.399968
-0.157076
-0.069701
0.590014
-1.063810
-0.581914
-0.183287
0.775959
-0.755007
0.260742
0.397365
-0.917712
-0.666932
0.429849
1.435314
0.279695
0.100490
-0.218656
1.066872
-1.104487
-0.673088
0.209934
-1.048455
0.495077
0.429625
-0.035238
0.353497
0.024216
-1.034011
-0.010374
-0.322253
-1.296454
-0.756329
0.319191
-0.292497
1.653132
0.258412
1.979985
-0.022322
1.105691
0.622812
2.490955
-0.299458
-1.087252
-0.157327
-0.967218
0.379819
0.170069
-1.063810
2.638122
1.407759
0.444074
-1.875565
1.826504
-0.638509
-0.953517
2.220341
1.613549
-1.037648
-3.597053
-0.673817
-0.243506
0.528856
-2.508092
2.672334
1.627998
-0.506750
2.536735
-1.196720
-1.105848
0.087132
-0.855288
-0.056901
2.501855
0.026909
0.779974
3.137293
1.829696
-0.766770
0.708132
-3.969544
-0.624531
-4.920455
0.054172
0.604861
0.340737
1.362400
-0.163747
-0.594664
-0.086012
-0.529033
0.207803
0.093100
-0.581914
1.407759
0.853775
0.242970
-1.025950
0.999079
-0.349725
-0.521648
1.214427
0.882616
-0.567561
-1.971926
-0.368598
-0.133095
0.289343
-1.375401
1.461569
0.890556
-0.277173
1.387438
-0.654637
-0.602520
0.047724
-0.468381
-0.031078
1.368368
0.014777
0.426715
1.715796
1.000795
-0.419413
0.387436
-2.170698
-0.341640
-2.687997
0.029700
0.190886
0.107539
0.429765
-0.051530
-0.187027
-0.027030
-0.166819
0.065632
0.029587
-0.183287
0.444074
0.242970
0.175474
-0.323588
0.315187
-0.111342
-0.163962
0.383100
0.278476
-0.178839
-0.628805
-0.115988
-0.041949
0.091351
-0.427931
0.461027
0.280949
-0.087273
0.437660
-0.206416
-0.195830
0.015304
-0.147522
-0.009580
0.431654
0.004899
0.134731
0.541229
0.315720
-0.131854
0.122369
-0.683134
-0.107631
-0.862919
0.009472
-0.805823
-0.453884
-1.815137
0.218550
0.793279
0.114902
0.705563
-0.276688
-0.123835
0.775959
-1.875565
-1.025950
-0.323588
1.522265
-1.331076
0.463391
0.695048
-1.617997
-1.175896
0.757101
2.639360
0.491576
0.177570
-0.385404
1.820709
-1.947280
-1.186456
0.369705
-1.848503
0.873374
0.804325
-0.063372
0.623819
0.041663
-1.823094
-0.019456
-0.568432
-2.285983
-1.333356
0.558849
-0.516090
2.891905
0.455817
3.533234
-0.039347
0.784723
0.442044
1.767657
-0.212487
-0.771623
-0.111623
-0.686397
0.269577
0.120732
-0.755007
1.826504
0.999079
0.315187
-1.331076
1.371126
-0.453432
-0.676814
1.575651
1.145109
-0.736395
-2.556157
-0.478244
-0.172732
0.375360
-1.783274
1.896339
1.155413
-0.359633
1.800143
-0.849329
-0.782076
0.061862
-0.607437
-0.040367
1.775395
0.019120
0.553581
2.226212
1.298462
-0.544204
0.502606
-2.816786
-0.443253
-3.487363
0.038488
-0.274983
-0.155626
-0.617984
0.072577
0.270166
0.037231
0.238221
-0.095683
-0.043673
0.260742
-0.638509
-0.349725
-0.111342
0.463391
-0.453432
0.751628
0.234835
-0.550936
-0.400716
0.255920
0.894505
0.164469
0.059344
-0.132340
0.559359
-0.662805
-0.404270
0.123624
-0.629296
0.294338
0.256682
-0.023140
0.198645
0.012425
-0.620675
-0.008311
-0.194442
-0.777940
-0.454228
0.188741
-0.176855
1.000825
0.152431
1.238000
-0.014966
-0.409584
-0.231652
-0.922821
0.110967
0.415214
0.057681
0.357868
-0.141606
-0.061495
0.397365
-0.953517
-0.521648
-0.163962
0.695048
-0.676814
0.234835
0.559503
-0.822575
-0.597751
0.386575
1.154073
0.252047
0.089404
-0.196514
1.002257
-0.989986
-0.603602
0.188212
-0.939752
0.442905
0.324685
-0.030188
0.309522
0.022747
-0.926737
-0.008055
-0.288649
-1.161679
-0.678099
0.293110
-0.261952
1.520117
0.230692
1.687706
-0.020552
0.953851
0.537290
2.148809
-0.258321
-0.937923
-0.135713
-0.834381
0.327662
0.146730
-0.917712
2.220341
1.214427
0.383100
-1.617997
1.575651
-0.550936
-0.822575
1.985062
1.391949
-0.895137
-3.105088
-0.581286
-0.210038
0.456238
-2.164416
2.305264
1.404424
-0.437154
2.188300
-1.032386
-0.953444
0.075181
-0.737997
-0.049077
2.158214
0.023227
0.672872
2.706335
1.578396
-0.661463
0.610902
-3.424162
-0.538778
-4.242541
0.046746
0.693260
0.390516
1.561560
-0.187693
-0.681486
-0.098600
-0.606371
0.238158
0.106707
-0.666932
1.613549
0.882616
0.278476
-1.175896
1.145109
-0.400716
-0.597751
1.391949
1.090584
-0.650504
-2.260539
-0.422442
-0.152585
0.331613
-1.574624
1.675232
1.020709
-0.317683
1.590259
-0.750315
-0.692035
0.054707
-0.536725
-0.035613
1.568400
0.016943
0.489073
1.966642
1.147081
-0.480629
0.444051
-2.487623
-0.391571
-3.083367
0.034020
-0.445736
-0.251174
-1.004220
0.120967
0.440830
0.063535
0.390225
-0.153147
-0.068160
0.429849
-1.037648
-0.567561
-0.178839
0.757101
-0.736395
0.255920
0.386575
-0.895137
-0.650504
0.548234
1.425912
0.272383
0.098182
-0.213225
1.019466
-1.077337
-0.656424
0.204652
-1.022676
0.482958
0.431274
-0.034617
0.344205
0.023405
-1.008599
-0.010357
-0.314342
-1.264662
-0.737686
0.310690
-0.285352
1.609454
0.252068
1.938493
-0.021760
-1.551529
-0.859720
-3.480042
0.422523
1.328933
0.235511
1.369156
-0.512002
-0.259931
1.435314
-3.597053
-1.971926
-0.628805
2.639360
-2.556157
0.894505
1.154073
-3.105088
-2.260539
1.425912
13.109390
0.923317
0.344199
-0.733087
2.912020
-3.733279
-2.277112
0.713232
-3.545229
1.705220
2.282296
-0.151383
1.394147
0.060036
-3.498751
-0.064424
-1.098428
-4.385368
-2.555222
0.948251
-1.000212
4.508734
0.912605
6.215723
-0.067631
-0.289445
-0.163111
-0.652097
0.078685
0.286399
0.041405
0.253454
-0.099353
-0.044009
0.279695
-0.673817
-0.368598
-0.115988
0.491576
-0.478244
0.164469
0.252047
-0.581286
-0.422442
0.272383
0.923317
0.298018
0.063622
-0.138427
0.691060
-0.699581
-0.426392
0.133207
-0.664092
0.313862
0.264905
-0.022155
0.225883
0.015525
-0.654942
-0.006401
-0.204056
-0.821132
-0.479052
0.202262
-0.185195
1.042555
0.164055
1.233953
-0.014044
-0.104517
-0.058771
-0.235666
0.028464
0.102286
0.015017
0.091670
-0.035804
-0.016051
0.100490
-0.243506
-0.133095
-0.041949
0.177570
-0.172732
0.059344
0.089404
-0.210038
-0.152585
0.098182
0.344199
0.063622
0.134510
-0.049901
0.224343
-0.252844
-0.153892
0.047982
-0.239997
0.113315
0.111548
-0.008254
0.080335
0.005379
-0.236697
-0.002548
-0.073703
-0.296915
-0.173050
0.071984
-0.066892
0.372611
0.059139
0.476542
-0.004968
0.227291
0.128134
0.511820
-0.061415
-0.223946
-0.032174
-0.198651
0.078207
0.035031
-0.218656
0.528856
0.289343
0.091351
-0.385404
0.375360
-0.132340
-0.196514
0.456238
0.331613
-0.213225
-0.733087
-0.138427
-0.049901
0.210738
-0.518116
0.549059
0.334614
-0.104031
0.521220
-0.245816
-0.224960
0.017965
-0.175308
-0.011628
0.514056
0.005592
0.160378
0.644528
0.376009
-0.157942
0.145638
-0.819001
-0.128181
-1.009173
0.011279
-1.079218
-0.612256
-2.426724
0.293965
1.074685
0.154505
0.938915
-0.371361
-0.154674
1.066872
-2.508092
-1.375401
-0.427931
1.820709
-1.783274
0.559359
1.002257
-2.164416
-1.574624
1.019466
2.912020
0.691060
0.224343
-0.518116
6.003424
-2.603318
-1.594840
0.505251
-2.471830
1.172044
0.222689
-0.069080
0.908820
0.070280
-2.437185
-0.010344
-0.758891
-3.050504
-1.785130
0.779285
-0.687919
3.743242
0.620283
3.535231
-0.054370
1.147943
0.646608
2.586246
-0.310926
-1.128873
-0.163354
-1.004210
0.394328
0.176542
-1.104487
2.672334
1.461569
0.461027
-1.947280
1.896339
-0.662805
-0.989986
2.305264
1.675232
-1.077337
-3.733279
-0.699581
-0.252844
0.549059
-2.603318
2.838452
1.690222
-0.526134
2.633777
-1.242471
-1.148980
0.090435
-0.887868
-0.059098
2.597560
0.027912
0.809768
3.257356
1.899665
-0.796122
0.735171
-4.121534
-0.648409
-5.107894
0.056221
0.699490
0.394068
1.575544
-0.189381
-0.688001
-0.099466
-0.611797
0.240323
0.107598
-0.673088
1.627998
0.890556
0.280949
-1.186456
1.155413
-0.404270
-0.603602
1.404424
1.020709
-0.656424
-2.277112
-0.426392
-0.153892
0.334614
-1.594840
1.690222
1.107853
-0.320584
1.604499
-0.757067
-0.692854
0.055100
-0.541734
-0.036020
1.582440
0.017005
0.493461
1.984179
1.157381
-0.485290
0.448023
-2.511313
-0.395119
-3.103848
0.034339
-0.217662
-0.122556
-0.490415
0.059191
0.214293
0.031209
0.190688
-0.074619
-0.033237
0.209934
-0.506750
-0.277173
-0.087273
0.369705
-0.359633
0.123624
0.188212
-0.437154
-0.317683
0.204652
0.713232
0.133207
0.047982
-0.104031
0.505251
-0.526134
-0.320584
0.218012
-0.499439
0.236076
0.209389
-0.016870
0.169959
0.011504
-0.492567
-0.005009
-0.153472
-0.617621
-0.360238
0.151258
-0.139297
0.779594
0.123421
0.940557
-0.010496
1.089728
0.613820
2.455013
-0.295140
-1.071569
-0.155059
-0.953263
0.374334
0.167610
-1.048455
2.536735
1.387438
0.437660
-1.848503
1.800143
-0.629296
-0.939752
2.188300
1.590259
-1.022676
-3.545229
-0.664092
-0.239997
0.521220
-2.471830
2.633777
1.604499
-0.499439
2.564343
-1.179453
-1.090137
0.085871
-0.842932
-0.056084
2.465755
0.026517
0.768712
3.092032
1.803291
-0.755709
0.697905
-3.912215
-0.615521
-4.848911
0.053384
-0.514169
-0.289505
-1.158151
0.139556
0.505045
0.073505
0.450287
-0.176363
-0.078981
0.495077
-1.196720
-0.654637
-0.206416
0.873374
-0.849329
0.294338
0.442905
-1.032386
-0.750315
0.482958
1.705220
0.313862
0.113315
-0.245816
1.172044
-1.242471
-0.757067
0.236076
-1.179453
0.695323
0.511619
-0.040415
0.400558
0.026650
-1.163246
-0.012380
-0.362677
-1.458574
-0.850749
0.356084
-0.329265
1.837643
0.291223
2.246661
-0.024976
-0.474449
-0.262795
-1.070558
0.126276
0.401202
0.068066
0.416800
-0.160508
-0.084840
0.429625
-1.105848
-0.602520
-0.195830
0.804325
-0.782076
0.256682
0.324685
-0.953444
-0.692035
0.431274
2.282296
0.264905
0.111548
-0.224960
0.222689
-1.148980
-0.692854
0.209389
-1.090137
0.511619
2.133288
-0.053573
0.349170
0.010069
-1.075677
-0.026928
-0.337255
-1.354161
-0.783949
0.273455
-0.307487
1.486778
0.264058
2.869258
-0.022497
0.037557
0.021077
0.084322
-0.009945
-0.034810
-0.005236
-0.032685
0.012887
0.006231
-0.035238
0.087132
0.047724
0.015304
-0.063372
0.061862
-0.023140
-0.030188
0.075181
0.054707
-0.034617
-0.151383
-0.022155
-0.008254
0.017965
-0.069080
0.090435
0.055100
-0.016870
0.085871
-0.040415
-0.053573
0.107368
-0.029161
-0.001430
0.084713
0.001452
0.026615
0.106233
0.061945
-0.024447
0.024243
-0.126980
-0.021009
-0.198176
0.001951
-0.367934
-0.206452
-0.827623
0.100268
0.349804
0.053784
0.322411
-0.124881
-0.056695
0.353497
-0.855288
-0.468381
-0.147522
0.623819
-0.607437
0.198645
0.309522
-0.737997
-0.536725
0.344205
1.394147
0.225883
0.080335
-0.175308
0.908820
-0.887868
-0.541734
0.169959
-0.842932
0.400558
0.349170
-0.029161
0.590185
0.019116
-0.831411
-0.009054
-0.259529
-1.042130
-0.608101
0.248765
-0.235381
1.241798
0.211252
1.493782
-0.017159
-0.024348
-0.013762
-0.055068
0.006821
0.025550
0.003605
0.021491
-0.008333
-0.003350
0.024216
-0.056901
-0.031078
-0.009580
0.041663
-0.040367
0.012425
0.022747
-0.049077
-0.035613
0.023405
0.060036
0.015525
0.005379
-0.011628
0.070280
-0.059098
-0.036020
0.011504
-0.056084
0.026650
0.010069
-0.001430
0.019116
0.108250
-0.055295
-0.000120
-0.017068
-0.069316
-0.040449
0.018165
-0.015431
0.092710
0.014031
0.077957
-0.001069
1.074753
0.605380
2.421256
-0.291079
-1.056732
-0.152929
-0.940162
0.369184
0.165325
-1.034011
2.501855
1.368368
0.431654
-1.823094
1.775395
-0.620675
-0.926737
2.158214
1.568400
-1.008599
-3.498751
-0.654942
-0.236697
0.514056
-2.437185
2.597560
1.582440
-0.492567
2.465755
-1.163246
-1.075677
0.084713
-0.831411
-0.055295
2.496725
0.026174
0.758153
3.049514
1.778497
-0.745252
0.688323
-3.858004
-0.607068
-4.782827
0.052653
0.011674
0.006511
0.026040
-0.002931
-0.009609
-0.001538
-0.010036
0.004011
0.002227
-0.010374
0.026909
0.014777
0.004899
-0.019456
0.019120
-0.008311
-0.008055
0.023227
0.016943
-0.010357
-0.064424
-0.006401
-0.002548
0.005592
-0.010344
0.027912
0.017005
-0.005009
0.026517
-0.012380
-0.026928
0.001452
-0.009054
-0.000120
0.026174
0.103568
0.008351
0.032829
0.019133
-0.006668
0.007653
-0.035427
-0.006370
-0.080579
0.000686
0.335202
0.188839
0.754842
-0.090642
-0.329100
-0.047583
-0.293083
0.115196
0.051738
-0.322253
0.779974
0.426715
0.134731
-0.568432
0.553581
-0.194442
-0.288649
0.672872
0.489073
-0.314342
-1.098428
-0.204056
-0.073703
0.160378
-0.758891
0.809768
0.493461
-0.153472
0.768712
-0.362677
-0.337255
0.026615
-0.259529
-0.017068
0.758153
0.008351
0.329223
0.950612
0.554520
-0.232086
0.214783
-1.201507
-0.189220
-1.497672
0.016534
1.347610
0.759029
3.036232
-0.365027
-1.324778
-0.191796
-1.178919
0.462886
0.207287
-1.296454
3.137293
1.715796
0.541229
-2.285983
2.226212
-0.777940
-1.161679
2.706335
1.966642
-1.264662
-4.385368
-0.821132
-0.296915
0.644528
-3.050504
3.257356
1.984179
-0.617621
3.092032
-1.458574
-1.354161
0.106233
-1.042130
-0.069316
3.049514
0.032829
0.950612
3.882702
2.230140
-0.934250
0.863032
-4.836674
-0.761169
-6.006555
0.065961
0.786065
0.442809
1.770749
-0.212854
-0.773136
-0.111803
-0.687571
0.270059
0.120918
-0.756329
1.829696
1.000795
0.315720
-1.333356
1.298462
-0.454228
-0.678099
1.578396
1.147081
-0.737686
-2.555222
-0.479052
-0.173050
0.376009
-1.785130
1.899665
1.157381
-0.360238
1.803291
-0.850749
-0.783949
0.061945
-0.608101
-0.040449
1.778497
0.019133
0.554520
2.230140
1.376864
-0.545247
0.503453
-2.822804
-0.443962
-3.495276
0.038554
-0.329309
-0.186172
-0.742091
0.089215
0.333531
0.046419
0.287770
-0.113743
-0.049566
0.319191
-0.766770
-0.419413
-0.131854
0.558849
-0.544204
0.188741
0.293110
-0.661463
-0.480629
0.310690
0.948251
0.202262
0.071984
-0.157942
0.779285
-0.796122
-0.485290
0.151258
-0.755709
0.356084
0.273455
-0.024447
0.248765
0.018165
-0.745252
-0.006668
-0.232086
-0.934250
-0.545247
0.408648
-0.210629
1.228105
0.185552
1.357903
-0.016431
0.304361
0.171471
0.685311
-0.082251
-0.298718
-0.043174
-0.266076
0.104614
0.047044
-0.292497
0.708132
0.387436
0.122369
-0.516090
0.502606
-0.176855
-0.261952
0.610902
0.444051
-0.285352
-1.000212
-0.185195
-0.066892
0.145638
-0.687919
0.735171
0.448023
-0.139297
0.697905
-0.329265
-0.307487
0.024243
-0.235381
-0.015431
0.688323
0.007653
0.214783
0.863032
0.503453
-0.210629
0.287714
-1.090937
-0.171768
-1.361451
0.015058
-1.704416
-0.965278
-3.841945
0.459265
1.750573
0.237193
1.487186
-0.591771
-0.257340
1.653132
-3.969544
-2.170698
-0.683134
2.891905
-2.816786
1.000825
1.520117
-3.424162
-2.487623
1.609454
4.508734
1.042555
0.372611
-0.819001
3.743242
-4.121534
-2.511313
0.779594
-3.912215
1.837643
1.486778
-0.126980
1.241798
0.092710
-3.858004
-0.035427
-1.201507
-4.836674
-2.822804
1.228105
-1.090937
7.060599
0.953430
7.084293
-0.087298
-0.268312
-0.150981
-0.604392
0.072966
0.262883
0.038563
0.235135
-0.091847
-0.041135
0.258412
-0.624531
-0.341640
-0.107631
0.455817
-0.443253
0.152431
0.230692
-0.538778
-0.391571
0.252068
0.912605
0.164055
0.059139
-0.128181
0.620283
-0.648409
-0.395119
0.123421
-0.615521
0.291223
0.264058
-0.021009
0.211252
0.014031
-0.607068
-0.006370
-0.189220
-0.761169
-0.443962
0.185552
-0.171768
0.953430
0.281587
1.153389
-0.012899
-2.114037
-1.184609
-4.762249
0.558440
1.928026
0.288814
1.832087
-0.731584
-0.349120
1.979985
-4.920455
-2.687997
-0.862919
3.533234
-3.487363
1.238000
1.687706
-4.242541
-3.083367
1.938493
6.215723
1.233953
0.476542
-1.009173
3.535231
-5.107894
-3.103848
0.940557
-4.848911
2.246661
2.869258
-0.198176
1.493782
0.077957
-4.782827
-0.080579
-1.497672
-6.006555
-3.495276
1.357903
-1.361451
7.084293
1.153389
19.088221
-0.109291
0.023362
0.013260
0.052426
-0.006122
-0.023385
-0.003111
-0.020179
0.008181
0.003715
-0.022322
0.054172
0.029700
0.009472
-0.039347
0.038488
-0.014966
-0.020552
0.046746
0.034020
-0.021760
-0.067631
-0.014044
-0.004968
0.011279
-0.054370
0.056221
0.034339
-0.010496
0.053384
-0.024976
-0.022497
0.001951
-0.017159
-0.001069
0.052653
0.000686
0.016534
0.065961
0.038554
-0.016431
0.015058
-0.087298
-0.012899
-0.109291
0.111223
