11.333279
-0.080119
-0.431007
0.026014
0.063099
0.011956
0.088293
-0.048057
-0.029956
0.083754
-0.456851
-0.203771
-0.061934
0.147333
-0.288549
0.028774
0.060441
-0.367359
-0.245315
0.091395
0.027610
0.062923
0.019247
-0.067765
0.028677
-0.470835
-0.252814
0.047250
-0.449297
0.104590
0.018405
-0.019749
0.059900
-0.001479
-0.439726
-0.012180
-0.109091
-0.594170
-0.281273
0.048996
-0.102037
0.082858
0.056435
0.020567
-0.012281
-0.080119
10.006506
-0.207206
0.007051
0.045851
-0.002134
0.038195
-0.031460
-0.017922
0.041022
-0.218869
-0.101416
-0.034416
0.070284
-0.141480
0.025633
0.046061
-0.177104
-0.120578
0.043803
0.003070
0.027720
0.003655
-0.040165
0.022258
-0.224716
-0.126825
0.017700
-0.215225
0.045743
-0.001173
-0.011947
0.016791
-0.003641
-0.210715
-0.008585
-0.057424
-0.279855
-0.137939
0.036436
-0.054772
0.077180
0.020087
0.006887
-0.012578
-0.431007
-0.207206
13.898215
0.098123
0.189750
0.055657
0.266618
-0.116770
-0.050839
0.246509
-1.385259
-0.573996
-0.148228
0.420928
-0.836728
0.046646
0.171937
-1.099329
-0.699308
0.276895
0.050738
0.195204
0.083430
-0.170785
0.063576
-1.450510
-0.712845
0.152997
-1.366855
0.302000
0.076024
-0.023327
0.138408
0.023446
-1.333768
-0.003218
-0.282166
-1.867546
-0.825970
0.149146
-0.253003
0.244926
0.172215
0.054082
-0.008230
0.026014
0.007051
0.098123
8.780374
-0.009469
-0.016013
-0.032194
-0.001391
-0.009048
-0.028473
0.103785
0.038420
0.001512
-0.044870
0.059663
0.020620
-0.008996
0.081272
0.048151
-0.032888
-0.003359
-0.027975
-0.017045
0.004131
-0.000182
0.110335
0.048614
-0.023635
0.102685
-0.036160
0.007425
-0.010543
-0.016363
-0.013872
0.099812
-0.012718
0.012556
0.144209
0.059247
-0.008159
0.007843
0.015927
-0.025743
0.009538
-0.011237
0.063099
0.045851
0.189750
-0.009469
5.120973
0.005394
-0.033069
0.034848
-0.006842
-0.048209
0.199240
0.084671
0.018241
-0.078659
0.123800
0.002705
-0.119267
0.159703
0.101177
-0.069567
0.076095
-0.038361
-0.004492
0.035666
0.028628
0.208714
0.109948
-0.018805
0.197152
-0.040228
0.108277
-0.018181
0.087782
-0.017407
0.190163
-0.017515
0.039068
0.254949
0.125104
-0.101785
0.036157
-0.258066
-0.012153
0.060846
0.012863
0.011956
-0.002134
0.055657
-0.016013
0.005394
8.838434
-0.022323
-0.007815
-0.008207
-0.017106
0.059555
0.019876
-0.003083
-0.026510
0.032418
0.022731
0.007208
0.046041
0.025865
-0.019536
-0.011556
-0.020563
-0.013217
-0.003235
0.000425
0.063752
0.024561
-0.018980
0.058968
-0.025900
0.001413
-0.008299
-0.024348
-0.011108
0.057220
-0.010067
0.003166
0.084934
0.031884
0.004782
0.000450
0.034269
-0.022340
0.010067
-0.011869
0.088293
0.038195
0.266618
-0.032194
-0.033069
-0.022323
7.800564
0.017025
0.004108
-0.063183
0.282297
0.118405
0.026537
-0.115876
0.172668
0.012951
-0.028155
0.225035
0.144447
-0.072958
-0.020405
-0.053481
-0.026958
0.030563
0.001507
0.294471
0.147289
-0.043959
0.278491
-0.084662
-0.011166
-0.001162
-0.032941
-0.012473
0.271971
-0.006349
0.056003
0.377068
0.169177
-0.021879
0.049429
-0.012969
-0.051507
0.005055
-0.007275
-0.048057
-0.031460
-0.116770
-0.001391
0.034848
-0.007815
0.017025
9.527763
-0.014670
0.020470
-0.123061
-0.059144
-0.023829
0.037350
-0.080863
0.025749
0.034425
-0.099999
-0.069629
0.022427
-0.009060
0.009693
-0.001447
-0.027471
0.010955
-0.125584
-0.073383
0.004004
-0.120855
0.019879
0.003920
-0.010863
-0.003792
-0.006955
-0.118326
-0.009308
-0.036329
-0.155308
-0.079280
0.024557
-0.035875
0.066643
0.003375
0.012575
-0.013003
-0.029956
-0.017922
-0.050839
-0.009048
-0.006842
-0.008207
0.004108
-0.014670
9.887754
-0.002361
-0.054356
-0.032969
-0.021860
0.015554
-0.040699
0.025639
-0.008326
-0.046303
-0.038081
-0.001278
0.024553
-0.008575
-0.006540
-0.017771
-0.005556
-0.051994
-0.037653
-0.005909
-0.052786
0.007502
0.046459
-0.023207
0.009830
-0.018247
-0.052940
-0.021766
-0.027007
-0.062251
-0.037782
-0.008261
-0.030023
0.005061
-0.001349
0.022350
-0.013215
0.083754
0.041022
0.246509
-0.028473
-0.048209
-0.017106
-0.063183
0.020470
-0.002361
6.648255
0.260922
0.112144
0.023488
-0.106120
0.162511
0.025194
-0.047213
0.208605
0.135423
-0.074172
0.023476
-0.062209
-0.017763
0.031928
-0.037141
0.271236
0.142379
-0.043295
0.257035
-0.076474
0.050727
-0.009874
-0.029852
-0.018896
0.250372
-0.014495
0.052524
0.341649
0.159404
-0.039842
0.044909
-0.068974
-0.044928
0.018286
-0.004482
-0.456851
-0.218869
-1.385259
0.103785
0.199240
0.059555
0.282297
-0.123061
-0.054356
0.260922
14.100080
-0.607993
-0.157158
0.445444
-0.885531
0.048309
0.180706
-1.162873
-0.740712
0.292859
0.055910
0.207214
0.087793
-0.180474
0.069153
-1.533015
-0.754693
0.162469
-1.445207
0.320322
0.076673
-0.025185
0.149269
0.024601
-1.410296
-0.003760
-0.299090
-1.972691
-0.873808
0.156554
-0.268739
0.256600
0.183245
0.057254
-0.008953
-0.203771
-0.101416
-0.573996
0.038420
0.084671
0.019876
0.118405
-0.059144
-0.032969
0.112144
-0.607993
11.680733
-0.076065
0.193559
-0.379781
0.030684
0.080167
-0.487158
-0.320868
0.123204
0.031918
0.087155
0.029239
-0.084895
0.038505
-0.629290
-0.330998
0.066045
-0.598506
0.138714
0.017624
-0.019564
0.076972
0.003595
-0.585193
-0.009857
-0.138150
-0.797653
-0.371019
0.066380
-0.127510
0.109222
0.077220
0.023261
-0.011517
-0.061934
-0.034416
-0.148228
0.001512
0.018241
-0.003083
0.026537
-0.023829
-0.021860
0.023488
-0.157158
-0.076065
10.103037
0.051315
-0.103687
0.024590
0.018181
-0.128131
-0.090347
0.025938
0.015521
0.012762
0.000976
-0.030688
0.005494
-0.159370
-0.092598
0.008979
-0.154190
0.033127
0.027444
-0.018349
0.017926
-0.010693
-0.151549
-0.015425
-0.046806
-0.198632
-0.100191
0.012957
-0.046353
0.031141
0.013181
0.019398
-0.012028
0.147333
0.070284
0.420928
-0.044870
-0.078659
-0.026510
-0.115876
0.037350
0.015554
-0.106120
0.445444
0.193559
0.051315
6.309729
0.277503
0.006828
-0.053973
0.357037
0.233876
-0.126996
-0.024590
-0.083123
-0.034010
0.058070
0.007273
0.462602
0.239491
-0.064892
0.439300
-0.145118
-0.015060
0.005971
-0.034202
-0.012790
0.429230
-0.002989
0.097641
0.587459
0.271260
-0.040474
0.089295
-0.054381
-0.077370
0.020166
-0.000642
-0.288549
-0.141480
-0.836728
0.059663
0.123800
0.032418
0.172668
-0.080863
-0.040699
0.162511
-0.885531
-0.379781
-0.103687
0.277503
12.803503
0.037010
0.114425
-0.707229
-0.460195
0.179670
0.042030
0.127892
0.047563
-0.117170
0.050640
-0.920047
-0.475501
0.098148
-0.872553
0.199647
0.028100
-0.021711
0.103487
0.010481
-0.852290
-0.008140
-0.192867
-1.170988
-0.536136
0.096706
-0.175544
0.158373
0.112935
0.032324
-0.011123
0.028774
0.025633
0.046646
0.020620
0.002705
0.022731
0.012951
0.025749
0.025639
0.025194
0.048309
0.030684
0.024590
0.006828
0.037010
1.692769
0.012184
0.041681
0.034310
0.010765
-0.006073
0.025215
0.014879
0.024222
0.033086
0.047320
0.034775
0.021736
0.047809
0.017292
0.038251
0.024472
0.062292
0.024477
0.047375
0.025442
0.027048
0.055221
0.036048
0.016128
0.029909
-0.025189
0.021934
-0.001744
0.022720
0.060441
0.046061
0.171937
-0.008996
-0.119267
0.007208
-0.028155
0.034425
-0.008326
-0.047213
0.180706
0.080167
0.018181
-0.053973
0.114425
0.012184
5.046587
0.145152
0.094242
-0.056493
0.073027
-0.043637
0.000442
0.037159
-0.045076
0.188260
0.103192
-0.018577
0.178145
-0.030291
0.152364
-0.018585
0.064107
-0.018305
0.172486
-0.019010
0.038274
0.229357
0.114777
-0.096819
0.034524
-0.130623
-0.006429
0.045061
0.014066
-0.367359
-0.177104
-1.099329
0.081272
0.159703
0.046041
0.225035
-0.099999
-0.046303
0.208605
-1.162873
-0.487158
-0.128131
0.357037
-0.707229
0.041681
0.145152
13.425281
-0.592626
0.233525
0.048484
0.165220
0.067697
-0.146369
0.057191
-1.214419
-0.605165
0.128874
-1.146679
0.256777
0.057127
-0.022696
0.123267
0.017701
-1.119481
-0.005436
-0.241976
-1.558339
-0.696579
0.125154
-0.218469
0.204447
0.146440
0.043444
-0.009307
-0.245315
-0.120578
-0.699308
0.048151
0.101177
0.025865
0.144447
-0.069629
-0.038081
0.135423
-0.740712
-0.320868
-0.090347
0.233876
-0.460195
0.034310
0.094242
-0.592626
12.275933
0.149523
0.037972
0.105588
0.038071
-0.100599
0.042552
-0.767708
-0.399583
0.080933
-0.729336
0.168062
0.028954
-0.022164
0.090039
0.005557
-0.712838
-0.010486
-0.165264
-0.975577
-0.450247
0.078772
-0.151933
0.128994
0.094134
0.029949
-0.011763
0.091395
0.043803
0.276895
-0.032888
-0.069567
-0.019536
-0.072958
0.022427
-0.001278
-0.074172
0.292859
0.123204
0.025938
-0.126996
0.179670
0.010765
-0.056493
0.233525
0.149523
7.661843
0.006610
-0.061726
-0.024754
0.034356
-0.006870
0.305541
0.154719
-0.045963
0.288853
-0.086877
0.026799
-0.008716
-0.016530
-0.018374
0.281513
-0.013656
0.057140
0.388026
0.176848
-0.045607
0.050093
-0.073911
-0.049886
0.020610
-0.004127
0.027610
0.003070
0.050738
-0.003359
0.076095
-0.011556
-0.020405
-0.009060
0.024553
0.023476
0.055910
0.031918
0.015521
-0.024590
0.042030
-0.006073
0.073027
0.048484
0.037972
0.006610
0.158217
0.005000
-0.000382
0.005477
0.029796
0.054527
0.037801
-0.009108
0.054827
-0.031854
-0.038168
0.028020
-0.056799
0.015974
0.057232
0.025389
0.022868
0.068282
0.033190
0.049877
0.025425
0.159920
-0.035653
0.027203
-0.002236
0.062923
0.027720
0.195204
-0.027975
-0.038361
-0.020563
-0.053481
0.009693
-0.008575
-0.062209
0.207214
0.087155
0.012762
-0.083123
0.127892
0.025215
-0.043637
0.165220
0.105588
-0.061726
0.005000
8.241167
-0.016476
0.020350
-0.054162
0.216144
0.112574
-0.041696
0.204273
-0.066314
0.066459
-0.014764
-0.046607
-0.022157
0.198742
-0.018635
0.036746
0.272077
0.124649
-0.033065
0.030123
-0.021181
-0.045218
0.026201
-0.008073
0.019247
0.003655
0.083430
-0.017045
-0.004492
-0.013217
-0.026958
-0.001447
-0.006540
-0.017763
0.087793
0.029239
0.000976
-0.034010
0.047563
0.014879
0.000442
0.067697
0.038071
-0.024754
-0.000382
-0.016476
8.971527
0.001619
0.024405
0.094491
0.036319
-0.016849
0.087216
-0.026611
-0.022346
-0.006632
0.005590
-0.008911
0.084580
-0.008178
0.008669
0.127545
0.048353
0.000591
0.005169
0.013015
-0.017237
-0.006657
-0.010687
-0.067765
-0.040165
-0.170785
0.004131
0.035666
-0.003235
0.030563
-0.027471
-0.017771
0.031928
-0.180474
-0.084895
-0.030688
0.058070
-0.117170
0.024222
0.037159
-0.146369
-0.100599
0.034356
0.005477
0.020350
0.001619
9.776734
0.016753
-0.184828
-0.104782
0.012763
-0.177329
0.036991
0.005941
-0.012970
0.013877
-0.005662
-0.173865
-0.010054
-0.049462
-0.229997
-0.114304
0.028694
-0.047959
0.063297
0.015103
0.008248
-0.012248
0.028677
0.022258
0.063576
-0.000182
0.028628
0.000425
0.001507
0.010955
-0.005556
-0.037141
0.069153
0.038505
0.005494
0.007273
0.050640
0.033086
-0.045076
0.057191
0.042552
-0.006870
0.029796
-0.054162
0.024405
0.016753
0.344672
0.069786
0.056268
-0.017781
0.068071
-0.012986
0.158558
-0.013659
-0.047838
-0.015118
0.064847
-0.016231
0.017556
0.074339
0.046218
-0.007151
0.016298
0.125877
-0.019488
0.038266
0.009511
-0.470835
-0.224716
-1.450510
0.110335
0.208714
0.063752
0.294471
-0.125584
-0.051994
0.271236
-1.533015
-0.629290
-0.159370
0.462602
-0.920047
0.047320
0.188260
-1.214419
-0.767708
0.305541
0.054527
0.216144
0.094491
-0.184828
0.069786
14.047198
-0.780400
0.170231
-1.513220
0.332436
0.089365
-0.022067
0.151123
0.028785
-1.476162
-0.000104
-0.306252
-2.077120
-0.910002
0.164859
-0.273437
0.266374
0.191027
0.057139
-0.006177
-0.252814
-0.126825
-0.712845
0.048614
0.109948
0.024561
0.147289
-0.073383
-0.037653
0.142379
-0.754693
-0.330998
-0.092598
0.239491
-0.475501
0.034775
0.103192
-0.605165
-0.399583
0.154719
0.037801
0.112574
0.036319
-0.104782
0.056268
-0.780400
12.417489
0.084128
-0.743117
0.172532
-0.000468
-0.020112
0.096704
0.008113
-0.726099
-0.008497
-0.171061
-0.983740
-0.461929
0.087525
-0.156371
0.140990
0.097367
0.026005
-0.012998
0.047250
0.017700
0.152997
-0.023635
-0.018805
-0.018980
-0.043959
0.004004
-0.005909
-0.043295
0.162469
0.066045
0.008979
-0.064892
0.098148
0.021736
-0.018577
0.128874
0.080933
-0.045963
-0.009108
-0.041696
-0.016849
0.012763
-0.017781
0.170231
0.084128
8.449495
0.160277
-0.052539
0.023558
-0.009393
-0.034309
-0.015632
0.156115
-0.012504
0.026969
0.217551
0.095909
-0.016157
0.021807
0.001105
-0.037054
0.014911
-0.009258
-0.449297
-0.215225
-1.366855
0.102685
0.197152
0.058968
0.278491
-0.120855
-0.052786
0.257035
-1.445207
-0.598506
-0.154190
0.439300
-0.872553
0.047809
0.178145
-1.146679
-0.729336
0.288853
0.054827
0.204273
0.087216
-0.177329
0.068071
-1.513220
-0.743117
0.160277
14.147743
0.315768
0.078391
-0.024151
0.146086
0.024807
-1.391374
-0.003111
-0.293868
-1.948305
-0.861243
0.154892
-0.263681
0.251751
0.180764
0.055275
-0.008107
0.104590
0.045743
0.302000
-0.036160
-0.040228
-0.025900
-0.084662
0.019879
0.007502
-0.076474
0.320322
0.138714
0.033127
-0.145118
0.199647
0.017292
-0.030291
0.256777
0.168062
-0.086877
-0.031854
-0.066314
-0.026611
0.036991
-0.012986
0.332436
0.172532
-0.052539
0.315768
7.148134
-0.002584
0.000927
-0.057002
-0.013420
0.308619
-0.005659
0.067748
0.422277
0.194135
-0.023142
0.060734
-0.000196
-0.065072
0.017856
-0.006065
0.018405
-0.001173
0.076024
0.007425
0.108277
0.001413
-0.011166
0.003920
0.046459
0.050727
0.076673
0.017624
0.027444
-0.015060
0.028100
0.038251
0.152364
0.057127
0.028954
0.026799
-0.038168
0.066459
-0.022346
0.005941
0.158558
0.089365
-0.000468
0.023558
0.078391
-0.002584
0.749458
0.058156
0.050559
0.051025
0.078179
0.055853
0.022908
0.152108
0.033959
0.110869
0.027154
0.108863
0.012605
-0.028395
0.004119
-0.019749
-0.011947
-0.023327
-0.010543
-0.018181
-0.008299
-0.001162
-0.010863
-0.023207
-0.009874
-0.025185
-0.019564
-0.018349
0.005971
-0.021711
0.024472
-0.018585
-0.022696
-0.022164
-0.008716
0.028020
-0.014764
-0.006632
-0.012970
-0.013659
-0.022067
-0.020112
-0.009393
-0.024151
0.000927
0.058156
9.606115
0.005156
-0.019712
-0.025023
-0.022613
-0.020116
-0.025764
-0.019338
-0.016607
-0.023947
-0.012991
-0.004931
0.025468
-0.011877
0.059900
0.016791
0.138408
-0.016363
0.087782
-0.024348
-0.032941
-0.003792
0.009830
-0.029852
0.149269
0.076972
0.017926
-0.034202
0.103487
0.062292
0.064107
0.123267
0.090039
-0.016530
-0.056799
-0.046607
0.005590
0.013877
-0.047838
0.151123
0.096704
-0.034309
0.146086
-0.057002
0.050559
0.005156
3.396699
-0.003416
0.143879
0.003277
0.040260
0.187408
0.094268
0.049054
0.028215
0.216160
-0.057551
0.046225
-0.009333
-0.001479
-0.003641
0.023446
-0.013872
-0.017407
-0.011108
-0.012473
-0.006955
-0.018247
-0.018896
0.024601
0.003595
-0.010693
-0.012790
0.010481
0.024477
-0.018305
0.017701
0.005557
-0.018374
0.015974
-0.022157
-0.008911
-0.005662
-0.015118
0.028785
0.008113
-0.015632
0.024807
-0.013420
0.051025
-0.019712
-0.003416
9.366952
0.023178
-0.019905
-0.007138
0.038096
0.011464
-0.017516
-0.010972
-0.009640
-0.013779
0.022550
-0.011058
-0.439726
-0.210715
-1.333768
0.099812
0.190163
0.057220
0.271971
-0.118326
-0.052940
0.250372
-1.410296
-0.585193
-0.151549
0.429230
-0.852290
0.047375
0.172486
-1.119481
-0.712838
0.281513
0.057232
0.198742
0.084580
-0.173865
0.064847
-1.476162
-0.726099
0.156115
-1.391374
0.308619
0.078179
-0.025023
0.143879
0.023178
14.056940
-0.004366
-0.288086
-1.900001
-0.840997
0.150022
-0.258953
0.243921
0.176638
0.054636
-0.008616
-0.012180
-0.008585
-0.003218
-0.012718
-0.017515
-0.010067
-0.006349
-0.009308
-0.021766
-0.014495
-0.003760
-0.009857
-0.015425
-0.002989
-0.008140
0.025442
-0.019010
-0.005436
-0.010486
-0.013656
0.025389
-0.018635
-0.008178
-0.010054
-0.016231
-0.000104
-0.008497
-0.012504
-0.003111
-0.005659
0.055853
-0.022613
0.003277
-0.019905
-0.004366
9.708157
-0.014917
0.002027
-0.006246
-0.015979
-0.018547
-0.007846
-0.008821
0.022790
-0.011722
-0.109091
-0.057424
-0.282166
0.012556
0.039068
0.003166
0.056003
-0.036329
-0.027007
0.052524
-0.299090
-0.138150
-0.046806
0.097641
-0.192867
0.027048
0.038274
-0.241976
-0.165264
0.057140
0.022868
0.036746
0.008669
-0.049462
0.017556
-0.306252
-0.171061
0.026969
-0.293868
0.067748
0.022908
-0.020116
0.040260
-0.007138
-0.288086
-0.014917
10.709731
-0.383631
-0.186918
0.029819
-0.074626
0.056196
0.033946
0.019765
-0.013219
-0.594170
-0.279855
-1.867546
0.144209
0.254949
0.084934
0.377068
-0.155308
-0.062251
0.341649
-1.972691
-0.797653
-0.198632
0.587459
-1.170988
0.055221
0.229357
-1.558339
-0.975577
0.388026
0.068282
0.272077
0.127545
-0.229997
0.074339
-2.077120
-0.983740
0.217551
-1.948305
0.422277
0.152108
-0.025764
0.187408
0.038096
-1.900001
0.002027
-0.383631
14.401029
-1.162749
0.201792
-0.339925
0.319071
0.243091
0.084032
-0.002402
-0.281273
-0.137939
-0.825970
0.059247
0.125104
0.031884
0.169177
-0.079280
-0.037782
0.159404
-0.873808
-0.371019
-0.100191
0.271260
-0.536136
0.036048
0.114777
-0.696579
-0.450247
0.176848
0.033190
0.124649
0.048353
-0.114304
0.046218
-0.910002
-0.461929
0.095909
-0.861243
0.194135
0.033959
-0.019338
0.094268
0.011464
-0.840997
-0.006246
-0.186918
-1.162749
12.605713
0.097630
-0.169557
0.162900
0.109057
0.033113
-0.009997
0.048996
0.036436
0.149146
-0.008159
-0.101785
0.004782
-0.021879
0.024557
-0.008261
-0.039842
0.156554
0.066380
0.012957
-0.040474
0.096706
0.016128
-0.096819
0.125154
0.078772
-0.045607
0.049877
-0.033065
0.000591
0.028694
-0.007151
0.164859
0.087525
-0.016157
0.154892
-0.023142
0.110869
-0.016607
0.049054
-0.017516
0.150022
-0.015979
0.029819
0.201792
0.097630
5.684489
0.026167
-0.171529
-0.008972
0.042802
0.007873
-0.102037
-0.054772
-0.253003
0.007843
0.036157
0.000450
0.049429
-0.035875
-0.030023
0.044909
-0.268739
-0.127510
-0.046353
0.089295
-0.175544
0.029909
0.034524
-0.218469
-0.151933
0.050093
0.025425
0.030123
0.005169
-0.047959
0.016298
-0.273437
-0.156371
0.021807
-0.263681
0.060734
0.027154
-0.023947
0.028215
-0.010972
-0.258953
-0.018547
-0.074626
-0.339925
-0.169557
0.026167
10.719697
0.058862
0.028929
0.019849
-0.016335
0.082858
0.077180
0.244926
0.015927
-0.258066
0.034269
-0.012969
0.066643
0.005061
-0.068974
0.256600
0.109222
0.031141
-0.054381
0.158373
-0.025189
-0.130623
0.204447
0.128994
-0.073911
0.159920
-0.021181
0.013015
0.063297
0.125877
0.266374
0.140990
0.001105
0.251751
-0.000196
0.108863
-0.012991
0.216160
-0.009640
0.243921
-0.007846
0.056196
0.319071
0.162900
-0.171529
0.058862
1.357208
0.029893
0.080685
0.038095
0.056435
0.020087
0.172215
-0.025743
-0.012153
-0.022340
-0.051507
0.003375
-0.001349
-0.044928
0.183245
0.077220
0.013181
-0.077370
0.112935
0.021934
-0.006429
0.146440
0.094134
-0.049886
-0.035653
-0.045218
-0.017237
0.015103
-0.019488
0.191027
0.097367
-0.037054
0.180764
-0.065072
0.012605
-0.004931
-0.057551
-0.013779
0.176638
-0.008821
0.033946
0.243091
0.109057
-0.008972
0.028929
0.029893
7.693470
0.022484
-0.009508
0.020567
0.006887
0.054082
0.009538
0.060846
0.010067
0.005055
0.012575
0.022350
0.018286
0.057254
0.023261
0.019398
0.020166
0.032324
-0.001744
0.045061
0.043444
0.029949
0.020610
0.027203
0.026201
-0.006657
0.008248
0.038266
0.057139
0.026005
0.014911
0.055275
0.017856
-0.028395
0.025468
0.046225
0.022550
0.054636
0.022790
0.019765
0.084032
0.033113
0.042802
0.019849
0.080685
0.022484
0.119599
0.008176
-0.012281
-0.012578
-0.008230
-0.011237
0.012863
-0.011869
-0.007275
-0.013003
-0.013215
-0.004482
-0.008953
-0.011517
-0.012028
-0.000642
-0.011123
0.022720
0.014066
-0.009307
-0.011763
-0.004127
-0.002236
-0.008073
-0.010687
-0.012248
0.009511
-0.006177
-0.012998
-0.009258
-0.008107
-0.006065
0.004119
-0.011877
-0.009333
-0.011058
-0.008616
-0.011722
-0.013219
-0.002402
-0.009997
0.007873
-0.016335
0.038095
-0.009508
0.008176
9.086787
