13.451409
-0.094745
-0.514538
0.034845
0.074002
0.017928
0.107653
-0.055127
-0.031495
0.103370
-0.543376
-0.246280
-0.071752
0.173868
-0.348406
0.022797
0.066267
-0.441392
-0.296139
0.112523
0.028541
0.079691
0.025625
-0.079375
0.024793
-0.560933
-0.305237
0.060137
-0.535458
0.126919
0.005791
-0.018956
0.065485
0.002779
-0.524214
-0.009940
-0.129501
-0.698311
-0.340295
0.056177
-0.118928
0.060174
0.071063
0.016166
-0.010977
-0.094745
11.851707
-0.247450
0.012419
0.046028
0.001689
0.048725
-0.033769
-0.017980
0.050529
-0.260667
-0.121149
-0.038413
0.084611
-0.169934
0.020221
0.049296
-0.212568
-0.144512
0.054137
0.005991
0.036645
0.007640
-0.044550
0.017578
-0.268451
-0.152113
0.025033
-0.256873
0.058229
-0.013202
-0.011165
0.024183
-0.001105
-0.251512
-0.006988
-0.066613
-0.331171
-0.165754
0.037128
-0.061557
0.053462
0.028835
0.007074
-0.010865
-0.514538
-0.247450
16.097503
0.116503
0.232065
0.065389
0.311124
-0.138957
-0.057824
0.291707
-1.623419
-0.685105
-0.175255
0.480596
-0.994967
0.038468
0.190666
-1.299748
-0.833412
0.329220
0.036945
0.232511
0.097951
-0.203443
0.045083
-1.699824
-0.848094
0.180836
-1.603496
0.350428
0.057848
-0.023813
0.109481
0.031275
-1.565353
-0.000287
-0.335876
-2.163466
-0.983389
0.180212
-0.302039
0.223659
0.202171
0.036768
-0.009781
0.034845
0.012419
0.116503
10.306365
-0.014402
-0.014765
-0.034714
0.002432
-0.005403
-0.032718
0.122906
0.049118
0.006189
-0.047484
0.073605
0.018187
-0.006902
0.097754
0.060543
-0.035768
-0.001173
-0.029353
-0.016780
0.008666
-0.002236
0.129551
0.061454
-0.024286
0.121489
-0.038206
0.002031
-0.007871
-0.010128
-0.012333
0.118395
-0.010039
0.019552
0.166123
0.072931
-0.012031
0.014812
0.016697
-0.026392
0.007684
-0.009244
0.074002
0.046028
0.232065
-0.014402
5.710612
0.001312
-0.041841
0.033070
-0.004470
-0.047190
0.243566
0.100301
0.020502
-0.085326
0.149911
0.012567
-0.115917
0.195063
0.122128
-0.069541
0.061123
-0.042875
-0.011351
0.034960
0.018746
0.255002
0.131993
-0.024700
0.241014
-0.051709
0.102327
-0.013974
0.099447
-0.015973
0.233341
-0.015060
0.045561
0.314102
0.150373
-0.085658
0.040036
-0.153876
-0.021237
0.045967
0.009029
0.017928
0.001689
0.065389
-0.014765
0.001312
10.382116
-0.022997
-0.004959
-0.005148
-0.018865
0.069584
0.026785
0.000504
-0.025215
0.040742
0.019274
0.011768
0.055183
0.033613
-0.020344
-0.010281
-0.020188
-0.012850
0.000139
-0.001008
0.073327
0.032243
-0.018465
0.068744
-0.025744
-0.008519
-0.005853
-0.017625
-0.009424
0.067025
-0.007629
0.008117
0.094836
0.040088
0.002409
0.005847
0.030761
-0.021483
0.007920
-0.010045
0.107653
0.048725
0.311124
-0.034714
-0.041841
-0.022997
9.013261
0.023685
0.008206
-0.076248
0.328336
0.142794
0.034749
-0.136444
0.205516
0.013710
-0.029364
0.264818
0.173085
-0.084571
-0.015861
-0.061433
-0.029136
0.039360
-0.000963
0.341797
0.176432
-0.049299
0.324128
-0.096942
-0.013120
0.001403
-0.023759
-0.012246
0.316866
-0.004558
0.069860
0.431125
0.201763
-0.028041
0.061980
0.007424
-0.057407
0.005808
-0.005725
-0.055127
-0.033769
-0.138957
0.002432
0.033070
-0.004959
0.023685
11.258038
-0.013787
0.025798
-0.146146
-0.069058
-0.025107
0.048300
-0.095955
0.021046
0.038183
-0.119285
-0.081955
0.028811
-0.004674
0.015632
0.000961
-0.029068
0.008047
-0.150176
-0.086726
0.008918
-0.143977
0.028440
-0.007768
-0.009703
0.004468
-0.004838
-0.140880
-0.007614
-0.040369
-0.184856
-0.093848
0.023874
-0.038316
0.048301
0.009812
0.010227
-0.011272
-0.031495
-0.017980
-0.057824
-0.005403
-0.004470
-0.005148
0.008206
-0.013787
11.726276
0.002040
-0.061317
-0.035905
-0.020579
0.025049
-0.045298
0.021678
-0.004288
-0.052539
-0.041668
0.004132
0.022858
-0.003803
-0.004567
-0.017699
-0.005953
-0.060096
-0.040777
-0.002485
-0.060030
0.013278
0.039853
-0.019498
0.013819
-0.014795
-0.059846
-0.017644
-0.026631
-0.071490
-0.042727
-0.008200
-0.028316
0.001307
0.002089
0.018336
-0.010964
0.103370
0.050529
0.291707
-0.032718
-0.047190
-0.018865
-0.076248
0.025798
0.002040
7.655344
0.307738
0.136864
0.031759
-0.127400
0.196246
0.026525
-0.040171
0.249067
0.164684
-0.085833
0.015344
-0.069777
-0.022362
0.039600
-0.032603
0.318963
0.173014
-0.050258
0.303448
-0.090680
0.048568
-0.006508
-0.033244
-0.018734
0.296238
-0.011995
0.066752
0.396233
0.192289
-0.042708
0.057454
-0.021408
-0.054204
0.015372
-0.004901
-0.543376
-0.260667
-1.623419
0.122906
0.243566
0.069584
0.328336
-0.146146
-0.061317
0.307738
16.284937
-0.723233
-0.185060
0.506788
-1.049769
0.039586
0.200070
-1.371005
-0.879754
0.347204
0.040624
0.245813
0.102970
-0.214390
0.049431
-1.791943
-0.894743
0.191255
-1.690848
0.370297
0.059359
-0.025408
0.118490
0.032895
-1.650680
-0.000467
-0.354623
-2.279609
-1.037387
0.189036
-0.319299
0.233812
0.214094
0.038442
-0.010507
-0.246280
-0.121149
-0.685105
0.049118
0.100301
0.026785
0.142794
-0.069058
-0.035905
0.136864
-0.723233
13.832171
-0.089492
0.226439
-0.459185
0.024369
0.087778
-0.585562
-0.388406
0.150130
0.032642
0.108019
0.037028
-0.100669
0.033015
-0.749072
-0.400389
0.082037
-0.713125
0.166532
0.003333
-0.019367
0.080346
0.008392
-0.697643
-0.007798
-0.165563
-0.936394
-0.449373
0.077389
-0.150887
0.084677
0.095331
0.017023
-0.010715
-0.071752
-0.038413
-0.175255
0.006189
0.020502
0.000504
0.034749
-0.025107
-0.020579
0.031759
-0.185060
-0.089492
11.975380
0.065036
-0.122903
0.020059
0.021246
-0.152121
-0.106495
0.034924
0.016478
0.020433
0.003939
-0.033761
0.004363
-0.188920
-0.109077
0.014854
-0.182169
0.043412
0.019182
-0.016439
0.025744
-0.007836
-0.178865
-0.012863
-0.052476
-0.232913
-0.119188
0.013456
-0.050135
0.017106
0.019998
0.016631
-0.010226
0.173868
0.084611
0.480596
-0.047484
-0.085326
-0.025215
-0.136444
0.048300
0.025049
-0.127400
0.506788
0.226439
0.065036
6.837521
0.321643
0.014337
-0.043531
0.410512
0.272636
-0.151557
-0.010393
-0.091530
-0.036025
0.070864
0.015231
0.525717
0.277845
-0.070101
0.500274
-0.178120
-0.035084
0.014401
0.002671
-0.007726
0.489292
0.003959
0.117533
0.659013
0.315261
-0.035365
0.107707
0.032732
-0.084306
0.024637
0.004053
-0.348406
-0.169934
-0.994967
0.073605
0.149911
0.040742
0.205516
-0.095955
-0.045298
0.196246
-1.049769
-0.459185
-0.122903
0.321643
15.075877
0.029966
0.127744
-0.846844
-0.555351
0.217086
0.037955
0.156043
0.057922
-0.140072
0.042379
-1.091104
-0.572423
0.119341
-1.035818
0.236433
0.009377
-0.021762
0.098230
0.016647
-1.012397
-0.005633
-0.231512
-1.370578
-0.646921
0.115696
-0.209554
0.134619
0.136339
0.022478
-0.011287
0.022797
0.020221
0.038468
0.018187
0.012567
0.019274
0.013710
0.021046
0.021678
0.026525
0.039586
0.024369
0.020059
0.014337
0.029966
1.293199
0.013541
0.034246
0.027744
0.014250
-0.009656
0.023878
0.012731
0.019298
0.021874
0.039046
0.027615
0.020203
0.039451
0.018411
0.021415
0.021384
0.070450
0.022050
0.039084
0.022007
0.021521
0.045797
0.029362
0.018716
0.023674
-0.019494
0.021304
-0.009554
0.019087
0.066267
0.049296
0.190666
-0.006902
-0.115917
0.011768
-0.029364
0.038183
-0.004288
-0.040171
0.200070
0.087778
0.021246
-0.043531
0.127744
0.013541
4.959950
0.161483
0.104308
-0.055563
0.067754
-0.040762
0.000458
0.039382
-0.036484
0.207021
0.116176
-0.016524
0.197007
-0.031101
0.167423
-0.013317
0.081350
-0.013905
0.191306
-0.014197
0.042822
0.249305
0.127360
-0.095763
0.037567
-0.071491
-0.005935
0.038212
0.016671
-0.441392
-0.212568
-1.299748
0.097754
0.195063
0.055183
0.264818
-0.119285
-0.052539
0.249067
-1.371005
-0.585562
-0.152121
0.410512
-0.846844
0.034246
0.161483
15.673271
-0.711042
0.279655
0.039130
0.198682
0.080451
-0.175107
0.043211
-1.431684
-0.725135
0.153926
-1.353467
0.300549
0.039197
-0.023252
0.104190
0.024646
-1.322013
-0.002903
-0.289680
-1.814465
-0.835150
0.150965
-0.261468
0.182872
0.173639
0.030222
-0.010370
-0.296139
-0.144512
-0.833412
0.060543
0.122128
0.033613
0.173085
-0.081955
-0.041668
0.164684
-0.879754
-0.388406
-0.106495
0.272636
-0.555351
0.027744
0.104308
-0.711042
14.507744
0.181729
0.036365
0.130117
0.047159
-0.119788
0.035603
-0.912530
-0.482381
0.099536
-0.867661
0.200420
0.012693
-0.021942
0.089514
0.011135
-0.848479
-0.008059
-0.197990
-1.144060
-0.544325
0.093544
-0.180225
0.105348
0.114923
0.022008
-0.011287
0.112523
0.054137
0.329220
-0.035768
-0.069541
-0.020344
-0.084571
0.028811
0.004132
-0.085833
0.347204
0.150130
0.034924
-0.151557
0.217086
0.014250
-0.055563
0.279655
0.181729
8.874080
0.005447
-0.069536
-0.027653
0.042895
-0.010377
0.361460
0.187921
-0.051787
0.342653
-0.100827
0.023537
-0.004427
-0.009733
-0.017144
0.334474
-0.010398
0.072266
0.453663
0.213662
-0.048142
0.063570
-0.025718
-0.057114
0.015579
-0.002682
0.028541
0.005991
0.036945
-0.001173
0.061123
-0.010281
-0.015861
-0.004674
0.022858
0.015344
0.040624
0.032642
0.016478
-0.010393
0.037955
-0.009656
0.067754
0.039130
0.036365
0.005447
0.133492
0.002408
0.001589
0.008226
0.012650
0.036727
0.035153
-0.007077
0.039185
-0.026220
-0.053181
0.024919
-0.034065
0.014335
0.042097
0.022344
0.023929
0.037189
0.030877
0.043615
0.025409
0.120393
-0.025300
0.019267
0.000269
0.079691
0.036645
0.232511
-0.029353
-0.042875
-0.020188
-0.061433
0.015632
-0.003803
-0.069777
0.245813
0.108019
0.020433
-0.091530
0.156043
0.023878
-0.040762
0.198682
0.130117
-0.069536
0.002408
9.623925
-0.019058
0.027628
-0.040326
0.255070
0.138490
-0.045261
0.242385
-0.074141
0.059675
-0.011084
-0.046677
-0.020903
0.236445
-0.015385
0.049361
0.315716
0.152311
-0.037990
0.041515
-0.003614
-0.049412
0.022734
-0.006522
0.025625
0.007640
0.097951
-0.016780
-0.011351
-0.012850
-0.029136
0.000961
-0.004567
-0.022362
0.102970
0.037028
0.003939
-0.036025
0.057922
0.012731
0.000458
0.080451
0.047159
-0.027653
0.001589
-0.019058
10.541243
0.004967
0.017146
0.110248
0.045516
-0.017986
0.102229
-0.028793
-0.024623
-0.005549
0.015078
-0.008559
0.099302
-0.007127
0.013417
0.146432
0.058505
-0.004539
0.010150
0.008126
-0.018760
-0.002349
-0.009470
-0.079375
-0.044550
-0.203443
0.008666
0.034960
0.000139
0.039360
-0.029068
-0.017699
0.039600
-0.214390
-0.100669
-0.033761
0.070864
-0.140072
0.019298
0.039382
-0.175107
-0.119788
0.042895
0.008226
0.027628
0.004967
11.567977
0.012446
-0.220434
-0.124730
0.018794
-0.211145
0.047604
-0.002665
-0.012324
0.020691
-0.003603
-0.206967
-0.008659
-0.056611
-0.272031
-0.136717
0.028261
-0.053116
0.042651
0.022371
0.008646
-0.010686
0.024793
0.017578
0.045083
-0.002236
0.018746
-0.001008
-0.000963
0.008047
-0.005953
-0.032603
0.049431
0.033015
0.004363
0.015231
0.042379
0.021874
-0.036484
0.043211
0.035603
-0.010377
0.012650
-0.040326
0.017146
0.012446
0.270880
0.046762
0.050182
-0.016327
0.048182
-0.011991
0.139663
-0.012654
-0.059358
-0.014573
0.046218
-0.014195
0.015577
0.040671
0.037209
-0.009368
0.013144
0.085975
-0.018996
0.028145
0.005614
-0.560933
-0.268451
-1.699824
0.129551
0.255002
0.073327
0.341797
-0.150176
-0.060096
0.318963
-1.791943
-0.749072
-0.188920
0.525717
-1.091104
0.039046
0.207021
-1.431684
-0.912530
0.361460
0.036727
0.255070
0.110248
-0.220434
0.046762
16.188959
-0.926278
0.199287
-1.770444
0.383291
0.074722
-0.023148
0.114422
0.036533
-1.727762
0.002426
-0.364365
-2.401026
-1.080302
0.198806
-0.326964
0.245911
0.221886
0.039455
-0.008392
-0.305237
-0.152113
-0.848094
0.061454
0.131993
0.032243
0.176432
-0.086726
-0.040777
0.173014
-0.894743
-0.400389
-0.109077
0.277845
-0.572423
0.027615
0.116176
-0.725135
-0.482381
0.187921
0.035153
0.138490
0.045516
-0.124730
0.050182
-0.926278
14.657755
0.103617
-0.882575
0.205436
-0.024179
-0.019072
0.102076
0.014534
-0.862950
-0.005264
-0.205125
-1.151759
-0.557933
0.104374
-0.185388
0.116686
0.118882
0.016701
-0.012557
0.060137
0.025033
0.180836
-0.024286
-0.024700
-0.018465
-0.049299
0.008918
-0.002485
-0.050258
0.191255
0.082037
0.014854
-0.070101
0.119341
0.020203
-0.016524
0.153926
0.099536
-0.051787
-0.007077
-0.045261
-0.017986
0.018794
-0.016327
0.199287
0.103617
9.867012
0.188692
-0.057610
0.019893
-0.007129
-0.030949
-0.014969
0.184165
-0.010512
0.036617
0.249897
0.116845
-0.021436
0.030774
0.008592
-0.039485
0.013347
-0.007649
-0.535458
-0.256873
-1.603496
0.121489
0.241014
0.068744
0.324128
-0.143977
-0.060030
0.303448
-1.690848
-0.713125
-0.182169
0.500274
-1.035818
0.039451
0.197007
-1.353467
-0.867661
0.342653
0.039185
0.242385
0.102229
-0.211145
0.048182
-1.770444
-0.882575
0.188692
16.352263
0.365220
0.060607
-0.024676
0.115151
0.032763
-1.630260
-0.000140
-0.349301
-2.253443
-1.023761
0.186935
-0.314262
0.229758
0.211131
0.038379
-0.009827
0.126919
0.058229
0.350428
-0.038206
-0.051709
-0.025744
-0.096942
0.028440
0.013278
-0.090680
0.370297
0.166532
0.043412
-0.178120
0.236433
0.018411
-0.031101
0.300549
0.200420
-0.100827
-0.026220
-0.074141
-0.028793
0.047604
-0.011991
0.383291
0.205436
-0.057610
0.365220
8.188687
-0.006258
0.005080
-0.044983
-0.012017
0.357407
-0.002413
0.084156
0.478951
0.230685
-0.028343
0.075628
0.029425
-0.070345
0.015666
-0.003261
0.005791
-0.013202
0.057848
0.002031
0.102327
-0.008519
-0.013120
-0.007768
0.039853
0.048568
0.059359
0.003333
0.019182
-0.035084
0.009377
0.021415
0.167423
0.039197
0.012693
0.023537
-0.053181
0.059675
-0.024623
-0.002665
0.139663
0.074722
-0.024179
0.019893
0.060607
-0.006258
0.500093
0.052330
0.080534
0.045767
0.060673
0.048680
0.010080
0.148038
0.015323
0.110902
0.018346
0.092692
0.009499
-0.035850
-0.002031
-0.018956
-0.011165
-0.023813
-0.007871
-0.013974
-0.005853
0.001403
-0.009703
-0.019498
-0.006508
-0.025408
-0.019367
-0.016439
0.014401
-0.021762
0.021384
-0.013317
-0.023252
-0.021942
-0.004427
0.024919
-0.011084
-0.005549
-0.012324
-0.012654
-0.023148
-0.019072
-0.007129
-0.024676
0.005080
0.052330
11.376348
0.005746
-0.016629
-0.025343
-0.018755
-0.018259
-0.026666
-0.019830
-0.015920
-0.021172
-0.008496
-0.002918
0.020157
-0.010149
0.065485
0.024183
0.109481
-0.010128
0.099447
-0.017625
-0.023759
0.004468
0.013819
-0.033244
0.118490
0.080346
0.025744
0.002671
0.098230
0.070450
0.081350
0.104190
0.089514
-0.009733
-0.034065
-0.046677
0.015078
0.020691
-0.059358
0.114422
0.102076
-0.030949
0.115151
-0.044983
0.080534
0.005746
2.164592
-0.002477
0.113975
0.004677
0.049370
0.127037
0.087455
0.050239
0.037626
0.248101
-0.051395
0.037638
-0.002717
0.002779
-0.001105
0.031275
-0.012333
-0.015973
-0.009424
-0.012246
-0.004838
-0.014795
-0.018734
0.032895
0.008392
-0.007836
-0.007726
0.016647
0.022050
-0.013905
0.024646
0.011135
-0.017144
0.014335
-0.020903
-0.008559
-0.003603
-0.014573
0.036533
0.014534
-0.014969
0.032763
-0.012017
0.045767
-0.016629
-0.002477
11.055722
0.031171
-0.016708
-0.003148
0.046838
0.017259
-0.018705
-0.006763
-0.004597
-0.013270
0.018679
-0.009534
-0.524214
-0.251512
-1.565353
0.118395
0.233341
0.067025
0.316866
-0.140880
-0.059846
0.296238
-1.650680
-0.697643
-0.178865
0.489292
-1.012397
0.039084
0.191306
-1.322013
-0.848479
0.334474
0.042097
0.236445
0.099302
-0.206967
0.046218
-1.727762
-0.862950
0.184165
-1.630260
0.357407
0.060673
-0.025343
0.113975
0.031171
16.264632
-0.001242
-0.342378
-2.197975
-1.000309
0.181464
-0.308333
0.222801
0.206601
0.037506
-0.010171
-0.009940
-0.006988
-0.000287
-0.010039
-0.015060
-0.007629
-0.004558
-0.007614
-0.017644
-0.011995
-0.000467
-0.007798
-0.012863
0.003959
-0.005633
0.022007
-0.014197
-0.002903
-0.008059
-0.010398
0.022344
-0.015385
-0.007127
-0.008659
-0.014195
0.002426
-0.005264
-0.010512
-0.000140
-0.002413
0.048680
-0.018755
0.004677
-0.016708
-0.001242
11.494583
-0.012042
0.005087
-0.004204
-0.016343
-0.014969
-0.005787
-0.007131
0.018457
-0.009804
-0.129501
-0.066613
-0.335876
0.019552
0.045561
0.008117
0.069860
-0.040369
-0.026631
0.066752
-0.354623
-0.165563
-0.052476
0.117533
-0.231512
0.021521
0.042822
-0.289680
-0.197990
0.072266
0.023929
0.049361
0.013417
-0.056611
0.015577
-0.364365
-0.205125
0.036617
-0.349301
0.084156
0.010080
-0.018259
0.049370
-0.003148
-0.342378
-0.012042
12.718289
-0.450543
-0.225045
0.033725
-0.084340
0.036582
0.044894
0.015801
-0.011340
-0.698311
-0.331171
-2.163466
0.166123
0.314102
0.094836
0.431125
-0.184856
-0.071490
0.396233
-2.279609
-0.936394
-0.232913
0.659013
-1.370578
0.045797
0.249305
-1.814465
-1.144060
0.453663
0.037189
0.315716
0.146432
-0.272031
0.040671
-2.401026
-1.151759
0.249897
-2.253443
0.478951
0.148038
-0.026666
0.127037
0.046838
-2.197975
0.005087
-0.450543
16.332699
-1.362379
0.244071
-0.402597
0.302539
0.276561
0.059091
-0.005520
-0.340295
-0.165754
-0.983389
0.072931
0.150373
0.040088
0.201763
-0.093848
-0.042727
0.192289
-1.037387
-0.449373
-0.119188
0.315261
-0.646921
0.029362
0.127360
-0.835150
-0.544325
0.213662
0.030877
0.152311
0.058505
-0.136717
0.037209
-1.080302
-0.557933
0.116845
-1.023761
0.230685
0.015323
-0.019830
0.087455
0.017259
-1.000309
-0.004204
-0.225045
-1.362379
14.850377
0.116170
-0.203458
0.139357
0.132506
0.022879
-0.010217
0.056177
0.037128
0.180212
-0.012031
-0.085658
0.002409
-0.028041
0.023874
-0.008200
-0.042708
0.189036
0.077389
0.013456
-0.035365
0.115696
0.018716
-0.095763
0.150965
0.093544
-0.048142
0.043615
-0.037990
-0.004539
0.028261
-0.009368
0.198806
0.104374
-0.021436
0.186935
-0.028343
0.110902
-0.015920
0.050239
-0.018705
0.181464
-0.016343
0.033725
0.244071
0.116170
6.375276
0.028246
-0.126692
-0.015309
0.034104
0.005343
-0.118928
-0.061557
-0.302039
0.014812
0.040036
0.005847
0.061980
-0.038316
-0.028316
0.057454
-0.319299
-0.150887
-0.050135
0.107707
-0.209554
0.023674
0.037567
-0.261468
-0.180225
0.063570
0.025409
0.041515
0.010150
-0.053116
0.013144
-0.326964
-0.185388
0.030774
-0.314262
0.075628
0.018346
-0.021172
0.037626
-0.006763
-0.308333
-0.014969
-0.084340
-0.402597
-0.203458
0.028246
12.750123
0.038669
0.038859
0.016684
-0.013487
0.060174
0.053462
0.223659
0.016697
-0.153876
0.030761
0.007424
0.048301
0.001307
-0.021408
0.233812
0.084677
0.017106
0.032732
0.134619
-0.019494
-0.071491
0.182872
0.105348
-0.025718
0.120393
-0.003614
0.008126
0.042651
0.085975
0.245911
0.116686
0.008592
0.229758
0.029425
0.092692
-0.008496
0.248101
-0.004597
0.222801
-0.005787
0.036582
0.302539
0.139357
-0.126692
0.038669
1.091959
0.033333
0.037503
0.029697
0.071063
0.028835
0.202171
-0.026392
-0.021237
-0.021483
-0.057407
0.009812
0.002089
-0.054204
0.214094
0.095331
0.019998
-0.084306
0.136339
0.021304
-0.005935
0.173639
0.114923
-0.057114
-0.025300
-0.049412
-0.018760
0.022371
-0.018996
0.221886
0.118882
-0.039485
0.211131
-0.070345
0.009499
-0.002918
-0.051395
-0.013270
0.206601
-0.007131
0.044894
0.276561
0.132506
-0.015309
0.038859
0.033333
9.003901
0.016074
-0.007430
0.016166
0.007074
0.036768
0.007684
0.045967
0.007920
0.005808
0.010227
0.018336
0.015372
0.038442
0.017023
0.016631
0.024637
0.022478
-0.009554
0.038212
0.030222
0.022008
0.015579
0.019267
0.022734
-0.002349
0.008646
0.028145
0.039455
0.016701
0.013347
0.038379
0.015666
-0.035850
0.020157
0.037638
0.018679
0.037506
0.018457
0.015801
0.059091
0.022879
0.034104
0.016684
0.037503
0.016074
0.097111
0.007263
-0.010977
-0.010865
-0.009781
-0.009244
0.009029
-0.010045
-0.005725
-0.011272
-0.010964
-0.004901
-0.010507
-0.010715
-0.010226
0.004053
-0.011287
0.019087
0.016671
-0.010370
-0.011287
-0.002682
0.000269
-0.006522
-0.009470
-0.010686
0.005614
-0.008392
-0.012557
-0.007649
-0.009827
-0.003261
-0.002031
-0.010149
-0.002717
-0.009534
-0.010171
-0.009804
-0.011340
-0.005520
-0.010217
0.005343
-0.013487
0.029697
-0.007430
0.007263
10.703077
