0.507900
0.243714
0.990450
-0.121292
-0.451685
-0.064097
-0.383907
0.147491
0.062101
-0.426962
1.023559
0.555192
0.171800
-0.758089
0.722539
-0.268937
-0.408794
0.881111
0.637009
-0.415373
-1.254794
-0.270281
-0.097841
0.206280
-1.021134
1.065063
0.642652
-0.202746
1.009154
-0.476156
-0.387237
0.029002
-0.349147
-0.027288
0.994687
0.005381
0.304703
1.256041
0.724387
-0.318393
0.275469
-1.712707
-0.248112
-1.772245
0.018508
0.243714
0.220743
0.555407
-0.067976
-0.253841
-0.035857
-0.215216
0.082790
0.034786
-0.239536
0.573970
0.311343
0.096338
-0.425047
0.405188
-0.151377
-0.230078
0.494094
0.357215
-0.232976
-0.691513
-0.151624
-0.054801
0.115730
-0.577622
0.597239
0.360425
-0.113671
0.565892
-0.266931
-0.210238
0.016201
-0.195233
-0.015344
0.557776
0.002963
0.170875
0.704296
0.406226
-0.179004
0.154476
-0.964291
-0.139051
-0.989500
0.010437
0.990450
0.555407
2.314606
-0.276555
-1.030287
-0.146136
-0.875059
0.336129
0.141357
-0.973195
2.333373
1.265388
0.391430
-1.727847
1.646933
-0.612006
-0.932153
2.008555
1.451918
-0.946881
-2.834558
-0.616045
-0.223193
0.470073
-2.317971
2.428080
1.464724
-0.462141
2.300548
-1.085142
-0.886655
0.065914
-0.792060
-0.062334
2.267548
0.012092
0.694342
2.863635
1.651211
-0.726206
0.627694
-3.911004
-0.565406
-4.041381
0.042083
-0.121292
-0.067976
-0.276555
0.130848
0.126178
0.018022
0.107342
-0.041083
-0.017207
0.119416
-0.285801
-0.154984
-0.047873
0.211883
-0.201725
0.073154
0.114164
-0.246016
-0.177830
0.116149
0.349525
0.075659
0.027420
-0.057514
0.287400
-0.297402
-0.179410
0.056762
-0.281780
0.133136
0.106198
-0.007958
0.097985
0.007761
-0.277737
-0.001363
-0.085000
-0.350741
-0.202244
0.088975
-0.076814
0.475941
0.069450
0.482542
-0.005045
-0.451685
-0.253841
-1.030287
0.126178
0.650528
0.066171
0.398864
-0.153884
-0.063409
0.445699
-1.064701
-0.577250
-0.178051
0.788348
-0.751493
0.276521
0.436322
-0.916458
-0.662320
0.433357
1.122609
0.282371
0.101507
-0.214633
1.092244
-1.107911
-0.668616
0.211098
-1.049719
0.494669
0.313702
-0.028657
0.349171
0.029550
-1.034589
-0.004243
-0.316417
-1.306270
-0.753523
0.337879
-0.285915
1.837181
0.257517
1.714754
-0.019433
-0.064097
-0.035857
-0.146136
0.018022
0.066171
0.105808
0.056810
-0.021621
-0.009113
0.063057
-0.151027
-0.081904
-0.025291
0.112038
-0.106599
0.037852
0.059599
-0.130007
-0.093980
0.061358
0.198829
0.039999
0.014538
-0.030342
0.150662
-0.157156
-0.094788
0.030060
-0.148902
0.070489
0.060674
-0.004243
0.052962
0.004091
-0.146770
-0.000747
-0.044913
-0.185353
-0.106865
0.046616
-0.040592
0.247352
0.036841
0.252075
-0.002601
-0.383907
-0.215216
-0.875059
0.107342
0.398864
0.056810
0.449409
-0.130174
-0.054777
0.377413
-0.904310
-0.490465
-0.151706
0.670463
-0.638324
0.235138
0.360689
-0.778447
-0.562755
0.367215
1.117020
0.238955
0.086617
-0.182148
0.897034
-0.940998
-0.567710
0.179307
-0.891587
0.421075
0.346830
-0.025548
0.308479
0.024207
-0.878806
-0.004670
-0.269133
-1.109771
-0.639961
0.281050
-0.243293
1.508219
0.219467
1.551393
-0.016192
0.147491
0.082790
0.336129
-0.041083
-0.153884
-0.021621
-0.130174
0.138801
0.021070
-0.144927
0.347361
0.188412
0.058324
-0.257174
0.245207
-0.092390
-0.139562
0.299015
0.216174
-0.140970
-0.408917
-0.091686
-0.033138
0.070073
-0.347728
0.361445
0.218118
-0.068716
0.342472
-0.161423
-0.126655
0.009820
-0.117082
-0.009252
0.337557
0.001813
0.103420
0.426241
0.245843
-0.108470
0.093502
-0.586366
-0.084023
-0.605949
0.006373
0.062101
0.034786
0.141357
-0.017207
-0.063409
-0.009113
-0.054777
0.021070
0.094267
-0.060519
0.146082
0.079279
0.024682
-0.108291
0.103132
-0.039981
-0.056858
0.125764
0.090963
-0.059034
-0.201809
-0.038205
-0.013964
0.029492
-0.131630
0.151998
0.091686
-0.028767
0.144027
-0.067945
-0.071961
0.004467
-0.049559
-0.003607
0.141975
0.001074
0.043607
0.179302
0.103388
-0.044514
0.039474
-0.240088
-0.035325
-0.276959
0.002714
-0.426962
-0.239536
-0.973195
0.119416
0.445699
0.063057
0.377413
-0.144927
-0.060519
0.549864
-1.005728
-0.545520
-0.168553
0.745398
-0.709993
0.259386
0.404475
-0.865761
-0.625888
0.408833
1.184083
0.266489
0.096104
-0.202651
1.037888
-1.046501
-0.631616
0.199642
-0.991570
0.468209
0.345008
-0.027873
0.344553
0.027391
-0.977333
-0.004689
-0.299247
-1.234004
-0.711811
0.314585
-0.270443
1.689132
0.244098
1.687950
-0.018051
1.023559
0.573970
2.333373
-0.285801
-1.064701
-0.151027
-0.904310
0.347361
0.146082
-1.005728
2.466927
1.307687
0.404514
-1.785600
1.701983
-0.632401
-0.963299
2.075689
1.500451
-0.978531
-2.930199
-0.636646
-0.230649
0.485784
-2.396142
2.509231
1.513684
-0.477595
2.377439
-1.121423
-0.915991
0.068117
-0.818702
-0.064419
2.343337
0.012495
0.717552
2.959338
1.706403
-0.750466
0.648678
-4.041466
-0.584317
-4.175812
0.043490
0.555192
0.311343
1.265388
-0.154984
-0.577250
-0.081904
-0.490465
0.188412
0.079279
-0.545520
1.307687
0.779925
0.219441
-0.968472
0.923086
-0.343228
-0.522472
1.125688
0.813804
-0.530705
-1.598531
-0.345356
-0.125014
0.263512
-1.306017
1.360721
0.821023
-0.259050
1.289284
-0.608305
-0.492594
0.036984
-0.445831
-0.034919
1.270799
0.006812
0.389237
1.604721
0.925453
-0.406930
0.351883
-2.189261
-0.316989
-2.259987
0.023621
0.171800
0.096338
0.391430
-0.047873
-0.178051
-0.025291
-0.151706
0.058324
0.024682
-0.168553
0.404514
0.219441
0.151266
-0.299663
0.285561
-0.107256
-0.160960
0.348225
0.251778
-0.164044
-0.504026
-0.106632
-0.038657
0.081566
-0.396855
0.420910
0.253972
-0.080030
0.398821
-0.188163
-0.160505
0.011626
-0.137748
-0.010637
0.393109
0.002280
0.120491
0.496407
0.286288
-0.125424
0.108956
-0.675023
-0.097987
-0.714734
0.007366
-0.758089
-0.425047
-1.727847
0.211883
0.788348
0.112038
0.670463
-0.257174
-0.108291
0.745398
-1.785600
-0.968472
-0.299663
1.465910
-1.260411
0.465083
0.712246
-1.537083
-1.111205
0.725460
2.195193
0.471753
0.170948
-0.359765
1.761129
-1.858037
-1.120974
0.353958
-1.760478
0.831934
0.690036
-0.050585
0.606131
0.047660
-1.735241
-0.009347
-0.531493
-2.191279
-1.263649
0.554869
-0.480499
2.978119
0.433257
3.048093
-0.032130
0.722539
0.405188
1.646933
-0.201725
-0.751493
-0.106599
-0.638324
0.245207
0.103132
-0.709993
1.701983
0.923086
0.285561
-1.260411
1.264930
-0.446501
-0.680132
1.465091
1.059135
-0.690726
-2.074149
-0.449475
-0.162738
0.342931
-1.698033
1.771025
1.068530
-0.337150
1.678034
-0.791648
-0.641217
0.048085
-0.579352
-0.045481
1.653970
0.008821
0.506544
2.088626
1.204470
-0.529749
0.457924
-2.851154
-0.412520
-2.941244
0.030722
-0.268937
-0.151377
-0.612006
0.073154
0.276521
0.037852
0.235138
-0.092390
-0.039981
0.259386
-0.632401
-0.343228
-0.107256
0.465083
-0.446501
0.944115
0.248112
-0.544445
-0.393784
0.254222
0.798837
0.163585
0.059584
-0.128360
0.529905
-0.658003
-0.397040
0.122818
-0.623527
0.290962
0.250457
-0.019731
0.182175
0.014832
-0.614618
-0.005202
-0.188994
-0.776073
-0.447701
0.193356
-0.171189
1.077208
0.150332
1.209521
-0.012878
-0.408794
-0.230078
-0.932153
0.114164
0.436322
0.059599
0.360689
-0.139562
-0.056858
0.404475
-0.963299
-0.522472
-0.160960
0.712246
-0.680132
0.248112
0.597174
-0.829225
-0.599374
0.392607
0.952862
0.256648
0.091356
-0.194459
1.073931
-1.002312
-0.605419
0.191296
-0.949724
0.447383
0.210976
-0.025211
0.320397
0.027367
-0.936017
-0.003161
-0.286309
-1.181416
-0.681930
0.308767
-0.258613
1.661530
0.232983
1.501076
-0.017785
0.881111
0.494094
2.008555
-0.246016
-0.916458
-0.130007
-0.778447
0.299015
0.125764
-0.865761
2.075689
1.125688
0.348225
-1.537083
1.465091
-0.544445
-0.829225
1.846373
1.291616
-0.842332
-2.525700
-0.548055
-0.198523
0.418181
-2.064460
2.159921
1.303020
-0.411129
2.046486
-0.965368
-0.787202
0.058647
-0.705266
-0.055449
2.017134
0.010766
0.617698
2.547339
1.468886
-0.645988
0.558411
-3.478157
-0.503016
-3.592530
0.037445
0.637009
0.357215
1.451918
-0.177830
-0.662320
-0.093980
-0.562755
0.216174
0.090963
-0.625888
1.500451
0.813804
0.251778
-1.111205
1.059135
-0.393784
-0.599374
1.291616
1.000513
-0.608914
-1.832792
-0.396221
-0.143466
0.302337
-1.495866
1.561311
0.942012
-0.297219
1.479337
-0.697938
-0.567263
0.042441
-0.511042
-0.040057
1.458125
0.007821
0.446594
1.841302
1.061857
-0.466871
0.403736
-2.512312
-0.363686
-2.596016
0.027093
-0.415373
-0.232976
-0.946881
0.116149
0.433357
0.061358
0.367215
-0.140970
-0.059034
0.408833
-0.978531
-0.530705
-0.164044
0.725460
-0.690726
0.254222
0.392607
-0.842332
-0.608914
0.509108
1.171135
0.258900
0.093610
-0.197134
0.986890
-1.018224
-0.614387
0.194089
-0.964760
0.455513
0.353495
-0.027330
0.332736
0.026447
-0.950915
-0.004764
-0.291147
-1.200760
-0.692508
0.305479
-0.263160
1.641718
0.237388
1.656627
-0.017585
-1.254794
-0.691513
-2.834558
0.349525
1.122609
0.198829
1.117020
-0.408917
-0.201809
1.184083
-2.930199
-1.598531
-0.504026
2.195193
-2.074149
0.798837
0.952862
-2.525700
-1.832792
1.171135
13.277025
0.757074
0.283582
-0.589449
2.118281
-3.047086
-1.842466
0.583609
-2.888709
1.396654
2.669097
-0.113078
1.237513
0.057530
-2.849713
-0.042468
-0.884758
-3.594322
-2.075454
0.786014
-0.803205
3.664758
0.739292
4.550659
-0.048091
-0.270281
-0.151624
-0.616045
0.075659
0.282371
0.039999
0.238955
-0.091686
-0.038205
0.266489
-0.636646
-0.345356
-0.106632
0.471753
-0.449475
0.163585
0.256648
-0.548055
-0.396221
0.258900
0.757074
0.272192
0.060801
-0.128255
0.670633
-0.662444
-0.399903
0.126526
-0.627681
0.296525
0.209077
-0.017510
0.220527
0.017482
-0.618668
-0.002837
-0.189407
-0.781074
-0.450607
0.199407
-0.171156
1.067133
0.154719
1.047453
-0.011388
-0.097841
-0.054801
-0.223193
0.027420
0.101507
0.014538
0.086617
-0.033138
-0.013964
0.096104
-0.230649
-0.125014
-0.038657
0.170948
-0.162738
0.059584
0.091356
-0.198523
-0.143466
0.093610
0.283582
0.060801
0.116926
-0.046383
0.216402
-0.240033
-0.144673
0.045698
-0.227409
0.107335
0.097373
-0.006539
0.076868
0.006142
-0.224146
-0.001214
-0.068576
-0.283167
-0.163175
0.071387
-0.061990
0.384370
0.055918
0.408093
-0.004058
0.206280
0.115730
0.470073
-0.057514
-0.214633
-0.030342
-0.182148
0.070073
0.029492
-0.202651
0.485784
0.263512
0.081566
-0.359765
0.342931
-0.128360
-0.194459
0.418181
0.302337
-0.197134
-0.589449
-0.128255
-0.046383
0.184119
-0.485987
0.505478
0.305032
-0.096173
0.478947
-0.225916
-0.181306
0.013774
-0.165159
-0.012933
0.472080
0.002565
0.144641
0.596100
0.343810
-0.151329
0.130770
-0.815303
-0.117668
-0.841963
0.008846
-1.021134
-0.577622
-2.317971
0.287400
1.092244
0.150662
0.897034
-0.347728
-0.131630
1.037888
-2.396142
-1.306017
-0.396855
1.761129
-1.698033
0.529905
1.073931
-2.064460
-1.495866
0.986890
2.118281
0.670633
0.216402
-0.485987
7.342098
-2.491006
-1.519001
0.489455
-2.362035
1.123110
-0.806498
-0.048342
1.048775
0.082800
-2.327622
0.006363
-0.713611
-2.927399
-1.700326
0.796834
-0.642614
3.883641
0.596062
2.048305
-0.044189
1.065063
0.597239
2.428080
-0.297402
-1.107911
-0.157156
-0.940998
0.361445
0.151998
-1.046501
2.509231
1.360721
0.420910
-1.858037
1.771025
-0.658003
-1.002312
2.159921
1.561311
-1.018224
-3.047086
-0.662444
-0.240033
0.505478
-2.491006
2.666433
1.575067
-0.496960
2.473933
-1.166893
-0.955203
0.070874
-0.851443
-0.067033
2.438445
0.012998
0.746641
3.079505
1.775634
-0.780911
0.674972
-4.205860
-0.607999
-4.346833
0.045241
0.642652
0.360425
1.464724
-0.179410
-0.668616
-0.094788
-0.567710
0.218118
0.091686
-0.631616
1.513684
0.821023
0.253972
-1.120974
1.068530
-0.397040
-0.605419
1.303020
0.942012
-0.614387
-1.842466
-0.399903
-0.144673
0.305032
-1.519001
1.575067
1.016387
-0.299909
1.492383
-0.704121
-0.562086
0.042700
-0.516385
-0.040516
1.470981
0.007784
0.450543
1.857450
1.071258
-0.471427
0.407287
-2.536186
-0.366943
-2.607780
0.027344
-0.202746
-0.113671
-0.462141
0.056762
0.211098
0.030060
0.179307
-0.068716
-0.028767
0.199642
-0.477595
-0.259050
-0.080030
0.353958
-0.337150
0.122818
0.191296
-0.411129
-0.297219
0.194089
0.583609
0.126526
0.045698
-0.096173
0.489455
-0.496960
-0.299909
0.195847
-0.470872
0.222463
0.170046
-0.013287
0.164837
0.012984
-0.464117
-0.002270
-0.142095
-0.586024
-0.338004
0.148946
-0.128421
0.797131
0.116065
0.798566
-0.008506
1.009154
0.565892
2.300548
-0.281780
-1.049719
-0.148902
-0.891587
0.342472
0.144027
-0.991570
2.377439
1.289284
0.398821
-1.760478
1.678034
-0.623527
-0.949724
2.046486
1.479337
-0.964760
-2.888709
-0.627681
-0.227409
0.478947
-2.362035
2.473933
1.492383
-0.470872
2.399480
-1.105641
-0.903486
0.067159
-0.807100
-0.063511
2.310370
0.012321
0.707453
2.917714
1.682393
-0.739902
0.639548
-3.984578
-0.576091
-4.117682
0.042875
-0.476156
-0.266931
-1.085142
0.133136
0.494669
0.070489
0.421075
-0.161423
-0.067945
0.468209
-1.121423
-0.608305
-0.188163
0.831934
-0.791648
0.290962
0.447383
-0.965368
-0.697938
0.455513
1.396654
0.296525
0.107335
-0.225916
1.123110
-1.166893
-0.704121
0.222463
-1.105641
0.642815
0.425220
-0.031681
0.385025
0.030051
-1.089796
-0.005781
-0.333817
-1.376114
-0.793652
0.348500
-0.301766
1.866373
0.272367
1.905592
-0.020098
-0.387237
-0.210238
-0.886655
0.106198
0.313702
0.060674
0.346830
-0.126655
-0.071961
0.345008
-0.915991
-0.492594
-0.160505
0.690036
-0.641217
0.250457
0.210976
-0.787202
-0.567263
0.353495
2.669097
0.209077
0.097373
-0.181306
-0.806498
-0.955203
-0.562086
0.170046
-0.903486
0.425220
3.302000
-0.048404
0.199675
0.004274
-0.891239
-0.025770
-0.274417
-1.136835
-0.643859
0.200743
-0.251077
1.179200
0.215983
3.207686
-0.014972
0.029002
0.016201
0.065914
-0.007958
-0.028657
-0.004243
-0.025548
0.009820
0.004467
-0.027873
0.068117
0.036984
0.011626
-0.050585
0.048085
-0.019731
-0.025211
0.058647
0.042441
-0.027330
-0.113078
-0.017510
-0.006539
0.013774
-0.048342
0.070874
0.042700
-0.013287
0.067159
-0.031681
-0.048404
0.090087
-0.022651
-0.001455
0.066213
0.000741
0.020412
0.083661
0.048201
-0.019963
0.018517
-0.108047
-0.016412
-0.148818
0.001302
-0.349147
-0.195233
-0.792060
0.097985
0.349171
0.052962
0.308479
-0.117082
-0.049559
0.344553
-0.818702
-0.445831
-0.137748
0.606131
-0.579352
0.182175
0.320397
-0.705266
-0.511042
0.332736
1.237513
0.220527
0.076868
-0.165159
1.048775
-0.851443
-0.516385
0.164837
-0.807100
0.385025
0.199675
-0.022651
0.778061
0.022891
-0.795612
-0.003708
-0.244947
-1.002984
-0.580247
0.249614
-0.221007
1.225739
0.203374
1.119539
-0.014078
-0.027288
-0.015344
-0.062334
0.007761
0.029550
0.004091
0.024207
-0.009252
-0.003607
0.027391
-0.064419
-0.034919
-0.010637
0.047660
-0.045481
0.014832
0.027367
-0.055449
-0.040057
0.026447
0.057530
0.017482
0.006142
-0.012933
0.082800
-0.067033
-0.040516
0.012984
-0.063511
0.030051
0.004274
-0.001455
0.022891
0.092371
-0.062588
0.000011
-0.019060
-0.078976
-0.045599
0.021077
-0.017175
0.111706
0.015775
0.080516
-0.001080
0.994687
0.557776
2.267548
-0.277737
-1.034589
-0.146770
-0.878806
0.337557
0.141975
-0.977333
2.343337
1.270799
0.393109
-1.735241
1.653970
-0.614618
-0.936017
2.017134
1.458125
-0.950915
-2.849713
-0.618668
-0.224146
0.472080
-2.327622
2.438445
1.470981
-0.464117
2.310370
-1.089796
-0.891239
0.066213
-0.795612
-0.062588
2.333234
0.012159
0.697315
2.875858
1.658264
-0.729237
0.630385
-3.927009
-0.567837
-4.058800
0.042262
0.005381
0.002963
0.012092
-0.001363
-0.004243
-0.000747
-0.004670
0.001813
0.001074
-0.004689
0.012495
0.006812
0.002280
-0.009347
0.008821
-0.005202
-0.003161
0.010766
0.007821
-0.004764
-0.042468
-0.002837
-0.001214
0.002565
0.006363
0.012998
0.007784
-0.002270
0.012321
-0.005781
-0.025770
0.000741
-0.003708
0.000011
0.012159
0.087290
0.003847
0.015401
0.008838
-0.002769
0.003535
-0.015863
-0.002916
-0.050616
0.000299
0.304703
0.170875
0.694342
-0.085000
-0.316417
-0.044913
-0.269133
0.103420
0.043607
-0.299247
0.717552
0.389237
0.120491
-0.531493
0.506544
-0.188994
-0.286309
0.617698
0.446594
-0.291147
-0.884758
-0.189407
-0.068576
0.144641
-0.713611
0.746641
0.450543
-0.142095
0.707453
-0.333817
-0.274417
0.020412
-0.244947
-0.019060
0.697315
0.003847
0.291726
0.880521
0.507834
-0.223013
0.193169
-1.199530
-0.173920
-1.248128
0.013005
1.256041
0.704296
2.863635
-0.350741
-1.306270
-0.185353
-1.109771
0.426241
0.179302
-1.234004
2.959338
1.604721
0.496407
-2.191279
2.088626
-0.776073
-1.181416
2.547339
1.841302
-1.200760
-3.594322
-0.781074
-0.283167
0.596100
-2.927399
3.079505
1.857450
-0.586024
2.917714
-1.376114
-1.136835
0.083661
-1.002984
-0.078976
2.875858
0.015401
0.880521
3.683548
2.094088
-0.920626
0.796006
-4.959417
-0.716968
-5.139643
0.053330
0.724387
0.406226
1.651211
-0.202244
-0.753523
-0.106865
-0.639961
0.245843
0.103388
-0.711811
1.706403
0.925453
0.286288
-1.263649
1.204470
-0.447701
-0.681930
1.468886
1.061857
-0.692508
-2.075454
-0.450607
-0.163175
0.343810
-1.700326
1.775634
1.071258
-0.338004
1.682393
-0.793652
-0.643859
0.048201
-0.580247
-0.045599
1.658264
0.008838
0.507834
2.094088
1.272152
-0.531166
0.459089
-2.859558
-0.413547
-2.950936
0.030799
-0.318393
-0.179004
-0.726206
0.088975
0.337879
0.046616
0.281050
-0.108470
-0.044514
0.314585
-0.750466
-0.406930
-0.125424
0.554869
-0.529749
0.193356
0.308767
-0.645988
-0.466871
0.305479
0.786014
0.199407
0.071387
-0.151329
0.796834
-0.780911
-0.471427
0.148946
-0.739902
0.348500
0.200743
-0.019963
0.249614
0.021077
-0.729237
-0.002769
-0.223013
-0.920626
-0.531166
0.393919
-0.201475
1.296011
0.181600
1.194228
-0.013681
0.275469
0.154476
0.627694
-0.076814
-0.285915
-0.040592
-0.243293
0.093502
0.039474
-0.270443
0.648678
0.351883
0.108956
-0.480499
0.457924
-0.171189
-0.258613
0.558411
0.403736
-0.263160
-0.803205
-0.171156
-0.061990
0.130770
-0.642614
0.674972
0.407287
-0.128421
0.639548
-0.301766
-0.251077
0.018517
-0.221007
-0.017175
0.630385
0.003535
0.193169
0.796006
0.459089
-0.201475
0.252602
-1.084294
-0.157201
-1.131939
0.011781
-1.712707
-0.964291
-3.911004
0.475941
1.837181
0.247352
1.508219
-0.586366
-0.240088
1.689132
-4.041466
-2.189261
-0.675023
2.978119
-2.851154
1.077208
1.661530
-3.478157
-2.512312
1.641718
3.664758
1.067133
0.384370
-0.815303
3.883641
-4.205860
-2.536186
0.797131
-3.984578
1.866373
1.179200
-0.108047
1.225739
0.111706
-3.927009
-0.015863
-1.199530
-4.959417
-2.859558
1.296011
-1.084294
7.907537
0.968965
6.681016
-0.075888
-0.248112
-0.139051
-0.565406
0.069450
0.257517
0.036841
0.219467
-0.084023
-0.035325
0.244098
-0.584317
-0.316989
-0.097987
0.433257
-0.412520
0.150332
0.232983
-0.503016
-0.363686
0.237388
0.739292
0.154719
0.055918
-0.117668
0.596062
-0.607999
-0.366943
0.116065
-0.576091
0.272367
0.215983
-0.016412
0.203374
0.015775
-0.567837
-0.002916
-0.173920
-0.716968
-0.413547
0.181600
-0.157201
0.968965
0.252613
0.977310
-0.010397
-1.772245
-0.989500
-4.041381
0.482542
1.714754
0.252075
1.551393
-0.605949
-0.276959
1.687950
-4.175812
-2.259987
-0.714734
3.048093
-2.941244
1.209521
1.501076
-3.592530
-2.596016
1.656627
4.550659
1.047453
0.408093
-0.841963
2.048305
-4.346833
-2.607780
0.798566
-4.117682
1.905592
3.207686
-0.148818
1.119539
0.080516
-4.058800
-0.050616
-1.248128
-5.139643
-2.950936
1.194228
-1.131939
6.681016
0.977310
19.304187
-0.081204
0.018508
0.010437
0.042083
-0.005045
-0.019433
-0.002601
-0.016192
0.006373
0.002714
-0.018051
0.043490
0.023621
0.007366
-0.032130
0.030722
-0.012878
-0.017785
0.037445
0.027093
-0.017585
-0.048091
-0.011388
-0.004058
0.008846
-0.044189
0.045241
0.027344
-0.008506
0.042875
-0.020098
-0.014972
0.001302
-0.014078
-0.001080
0.042262
0.000299
0.013005
0.053330
0.030799
-0.013681
0.011781
-0.075888
-0.010397
-0.081204
0.094233
